1 jada1 9 11 300 dog 15 30 
2 jada2 2 4 300 dog 15 30 
3 jada3 35 38 300 dog 15 30 
4 jada3 66 69 300 dog 45 60
5 jada3 99 102 300 dog 75 90 
6 jada3 146 149 300 dog 120 135 
7 jada4 10 14 300 dog 20 35 
8 jada4 42 44 300 dog 20 35
9 jada4 65 68 300 dog 50 60 
10 jada4 86 89 300 dog 70 80 
11 jada5 17 23 300 dog 30 40 
12 jada5 41 44 300 dog 30 40 
13 jada5 58 62 300 dog 65 75 
14 jada5 79 84 300 dog 65 75 
15 jada5 100 102 300 dog 86 96 
16 jada5 120 123 300 dog 105 115
17 jada5 146 149 300 dog 130 140 
18 jada6 10 15 300 dog 20 30 
19 jada6 39 42 300 dog 20 30 
20 jada6 56 59 300 dog 20 30 
21 jada6 94 98 300 dog 80 90
22 jada7 12 16 300 dog 40 50  
23 jada7 29 32 300 dog 40 50 
24 jada7 61 63 300 dog 40 50 
25 jada7 75 78 300 dog 90 100 
26 jada7 118 121 300 dog 90 100 
27 jada7 130 134 300 dog 90 100 
28 jada7 152 155 300 dog 140 150 
29 jada7 175 178 300 dog 140 150 
30 jada8 11 14 300 dog 32 42  
31 jada8 26 30 300 dog 32 42 
32 jada8 46 50 300 dog 32 42 
33 jada8 58 61 300 dog 64 74 
34 jada8 76 78 300 dog 64 74 
35 jada8 104 108 300 dog 84 94
36 jada8 125 128 300 dog 110 120
37 jada8 135 139 300 dog 142 152
38 jada8 157 160 300 dog 142 152
39 jada9 13 16 300 dog 33 43
40 jada9 23 26 300 dog 33 43
41 jada9 63 66 300 dog 80 90
42 jada9 98 102 300 dog 80 90
43 jada9 111 114 300 dog 118 128
44 jada9 132 135 300 dog 118 128 
45 jada9 147 151 300 dog 118 128
46 preston1 20 24 300 dog 46 56
47 preston1 31 37 300 dog 46 56
48 preston1 65 68 300 dog 53 63
49 preston1 81 84 300 dog 70 80
50 preston1 92 97 300 dog 70 80
51 preston1 103 106 300 dog 70 80
52 preston1 113 116 300 dog 70 80
53 preston2 7 10 300 dog 38 48
54 preston2 20 26 300 dog 38 48
55 preston2 35 37 300 dog 38 48
56 preston2 49 54 300 dog 38 48
57 preston2 60 63 300 dog 64 73
58 preston2 74 78 300 dog 64 73
59 preston2 81 85 300 dog 64 73
60 preston2 90 93 300 dog 95 105
61 preston2 118 123 300 dog 95 105
62 preston2 127 130 300 dog 95 105
63 preston2 136 141 300 dog 95 105
64 preston2 148 152 300 dog 95 105
65 preston2 158 163 300 dog 95 105
66 gudiya1 15 55 300 dog 57 67
67 gudiya2 135 165 300 dog 110 120
68 gudiya3 125 140 300 dog 80 100
69 gudiya3 2 15 300 dog 50 60
70 gudiya5 26 40 300 dog 50 60
71 wish1 134 137 300 dog 225 235
72 wish3 15 18 300 dog 1 11
73 wish3 56 61 300 dog 1 11
74 wish3 104 108 300 dog 1 11
75 wish4acr 14 17 300 dog 20 30
76 wish4acr 68 71 300 dog 22 32
77 wish4acr 87 89 300 dog 22 32
78 wish4acr 108 114 300 dog 22 32
79 wish4acr 127 137 300 dog 22 32
80 wish4acr 153 156 300 dog 22 32
81 wish4acr 168 171 300 dog 22 32
82 wish5acr 13 16 300 dog 44 54
83 wish5acr 25 29 300 dog 44 54
84 wish5acr 40 42 300 dog 44 54
85 wish5acr 56 58 300 dog 44 54
86 wish5acr 68 71 300 dog 44 54
87 wish5acr 87 90 300 dog 44 54
88 wish5acr 101 103 300 dog 44 54
89 wish5acr 115 118 300 dog 44 54
90 wish5acr 131 134 300 dog 44 54
91 wish5acr 142 147 300 dog 44 54




