@relation target-classification

@attribute class {noise, human, dog}
@attribute oldVel1 numeric 
@attribute oldVel2 numeric 
@attribute oldVel3 numeric 
@attribute newVel1 numeric 
@attribute newVel2 numeric 
@attribute newVel3 numeric 
@attribute dist numeric 
@attribute time numeric 
@attribute distTimeProd numeric 
@attribute distTimeRatio numeric 
@attribute fftfreq numeric 
@attribute fftmoment numeric 
@attribute percentFreq numeric 
@attribute secMoment numeric 
@attribute maxFreq numeric 
@attribute freqWidth numeric 
@data 
dog,1.035,1.035,1.035,2.067,2.067,2.067,3.717,2.000,7.433,1.858,7318.625,0.234,0.085,2854.161,142.400,54.000
dog,1.053,1.053,1.053,1.922,1.922,1.922,4.013,2.000,8.026,2.006,11465.125,0.387,0.212,2408.753,145.100,43.000
dog,1.116,1.116,1.116,1.183,1.183,1.183,5.978,3.000,17.934,1.993,11793.063,0.369,0.199,5373.385,140.500,116.000
dog,1.082,1.082,1.082,1.090,1.090,1.090,5.533,3.000,16.600,1.844,10277.375,0.393,0.164,4469.238,-33.000,60.000
dog,0.988,0.988,0.988,0.937,0.937,0.937,5.446,3.000,16.338,1.815,9340.938,0.312,0.167,5702.817,-52.300,117.000
dog,1.124,1.124,1.124,1.328,1.328,1.328,6.201,3.000,18.603,2.067,10618.438,0.331,0.178,3951.469,145.100,106.000
dog,1.237,1.220,1.220,1.655,1.607,1.607,7.769,4.000,31.075,1.942,7165.458,0.219,0.108,4187.088,142.700,90.000
dog,0.722,0.722,0.722,0.814,0.814,0.814,4.112,2.000,8.224,2.056,15537.625,0.523,0.328,2516.496,-54.400,104.000
dog,1.380,1.380,1.380,1.754,1.754,1.754,5.813,3.000,17.438,1.938,9383.000,0.304,0.158,3723.729,140.100,78.000
dog,0.639,0.639,0.639,0.752,0.752,0.752,6.425,3.000,19.274,2.142,10448.750,0.304,0.162,3689.048,-98.400,101.000
dog,2.381,2.282,2.193,3.346,3.066,2.082,9.713,6.000,58.276,1.619,7700.103,0.360,0.191,3101.063,99.400,124.000
dog,1.105,1.105,1.105,0.986,0.986,0.986,6.202,3.000,18.607,2.067,10402.750,0.357,0.166,2238.916,-26.800,48.000
dog,0.887,0.800,0.800,0.846,0.118,0.118,6.037,4.000,24.146,1.509,7861.750,0.340,0.152,2648.339,-12.200,48.000
dog,3.143,3.049,2.558,4.064,4.014,2.497,9.109,5.000,45.546,1.822,7458.969,0.304,0.156,2908.172,127.700,108.000
dog,0.837,0.837,0.837,0.664,0.664,0.664,4.070,2.000,8.140,2.035,19281.875,0.854,0.599,2378.399,-27.900,157.000
dog,1.581,1.581,1.581,0.046,0.046,0.046,5.293,3.000,15.880,1.764,11507.625,0.604,0.388,1077.896,125.200,131.000
dog,1.253,1.253,1.253,0.583,0.583,0.583,4.523,3.000,13.569,1.508,7712.313,0.460,0.263,1877.712,120.200,115.000
dog,1.483,1.456,1.433,2.103,1.904,1.213,7.017,5.000,35.086,1.403,3457.344,0.231,0.122,1245.609,76.800,83.000
dog,1.144,1.144,1.144,0.664,0.664,0.664,4.264,3.000,12.791,1.421,4948.875,0.346,0.194,1033.645,107.000,85.000
dog,1.232,1.232,1.232,0.532,0.532,0.532,4.082,3.000,12.245,1.361,4929.000,0.359,0.202,946.902,72.100,92.000
dog,1.780,1.683,1.683,1.509,0.357,0.357,6.038,4.000,24.152,1.510,5932.708,0.347,0.190,1688.550,108.800,98.000
dog,1.542,1.474,1.474,0.972,0.440,0.440,7.267,4.000,29.069,1.817,11635.417,0.507,0.300,4168.660,145.500,142.000
dog,2.063,2.063,2.063,0.392,0.392,0.392,5.703,3.000,17.108,1.901,13273.188,0.653,0.418,1176.658,129.600,135.000
dog,1.240,1.240,1.240,0.002,0.002,0.002,4.069,2.000,8.138,2.035,21012.875,0.954,0.720,1294.965,-22.700,162.000
dog,1.968,1.968,1.968,0.509,0.509,0.509,5.263,3.000,15.788,1.754,13151.188,0.666,0.406,761.445,129.300,131.000
dog,0.866,0.866,0.866,0.798,0.798,0.798,4.115,3.000,12.345,1.372,2327.125,0.191,0.093,750.868,43.600,53.000
dog,0.866,0.808,0.808,1.068,0.339,0.339,4.958,4.000,19.831,1.239,1259.375,0.128,0.054,348.614,50.400,40.000
dog,0.895,0.895,0.895,0.372,0.372,0.372,4.008,3.000,12.023,1.336,4156.500,0.318,0.179,1070.874,80.600,81.000
dog,1.028,1.028,1.028,0.832,0.832,0.832,4.077,3.000,12.231,1.359,2057.437,0.171,0.073,666.271,46.200,45.000
dog,1.577,1.577,1.577,2.322,2.322,2.322,5.676,3.000,17.027,1.892,8275.563,0.260,0.116,3516.513,-77.300,58.000
dog,0.734,0.734,0.734,0.357,0.189,0.189,7.866,4.000,31.466,1.967,8650.750,0.261,0.138,5118.245,-78.400,110.000
dog,1.410,1.362,1.362,1.888,1.633,1.633,7.386,4.000,29.543,1.846,7073.042,0.224,0.098,4272.646,-76.500,98.000
dog,0.849,0.849,0.849,0.552,0.552,0.552,6.445,3.000,19.335,2.148,9042.938,0.271,0.152,4094.509,-89.500,88.000
dog,1.244,1.244,1.244,2.711,2.711,2.711,4.088,2.000,8.177,2.044,9871.250,0.309,0.187,2173.974,-82.800,63.000
dog,3.754,3.599,3.599,5.101,4.464,4.464,8.048,4.000,32.192,2.012,8887.792,0.321,0.180,2785.579,-45.600,86.000
dog,0.790,0.790,0.790,0.372,0.372,0.372,5.918,3.000,17.755,1.973,10907.438,0.405,0.203,4683.430,-7.400,79.000
dog,3.235,3.209,3.209,4.496,3.695,3.695,8.265,4.000,33.061,2.066,7952.542,0.266,0.144,3902.502,-43.000,102.000
dog,1.346,1.346,1.346,1.803,1.803,1.803,5.818,3.000,17.453,1.939,8619.000,0.262,0.143,4657.587,-73.600,100.000
dog,1.168,1.168,1.168,1.522,1.522,1.522,5.058,3.000,15.174,1.686,3061.000,0.112,0.024,964.146,137.800,18.000
dog,1.615,1.615,1.615,2.372,2.372,2.372,5.723,3.000,17.168,1.908,6112.563,0.192,0.087,2119.239,-51.100,58.000
dog,2.081,2.081,2.081,2.982,2.982,2.982,4.876,3.000,14.629,1.625,2226.125,0.104,0.042,425.478,-55.400,32.000
dog,1.405,1.306,1.306,1.995,1.504,1.504,6.141,4.000,24.564,1.535,1806.792,0.076,0.020,482.771,106.500,12.000
dog,2.569,2.569,2.569,3.619,3.619,3.619,4.943,3.000,14.829,1.648,3585.250,0.163,0.075,745.302,-26.800,42.000
dog,1.047,1.047,1.047,1.392,1.392,1.392,5.538,3.000,16.615,1.846,5752.875,0.185,0.067,1974.846,139.600,29.000
dog,2.227,2.179,2.179,3.066,2.826,2.826,6.679,4.000,26.718,1.670,3685.583,0.155,0.070,1792.065,-14.800,48.000
dog,2.019,1.955,1.955,2.725,2.548,2.548,7.023,4.000,28.090,1.756,4983.708,0.190,0.080,2128.483,142.500,40.000
dog,1.027,0.973,0.932,1.360,1.261,1.002,6.124,6.000,36.744,1.021,1314.615,0.130,0.059,363.461,55.300,43.000
dog,2.348,2.348,2.348,2.891,2.891,2.891,5.167,3.000,15.501,1.722,9955.688,0.503,0.326,3526.668,145.900,133.000
dog,0.862,0.862,0.862,0.915,0.915,0.915,6.463,3.000,19.390,2.154,12223.750,0.373,0.231,5222.685,-88.800,114.000
dog,3.838,3.700,3.314,4.556,4.450,3.858,7.731,5.000,38.655,1.546,4066.938,0.212,0.123,1750.330,107.300,81.000
dog,0.981,0.981,0.981,0.316,0.316,0.316,6.213,3.000,18.640,2.071,14062.063,0.496,0.293,5418.493,-13.800,140.000
dog,1.410,1.410,1.410,1.067,1.067,1.067,5.663,3.000,16.989,1.888,12448.125,0.465,0.242,5402.741,-31.600,105.000
dog,0.742,0.742,0.742,0.187,0.187,0.187,5.361,3.000,16.084,1.787,18050.000,0.749,0.538,7849.061,145.800,300.000
dog,3.405,3.395,2.686,4.185,4.121,3.023,8.527,6.000,51.162,1.421,10053.128,0.480,0.289,3354.793,126.200,148.000
dog,0.793,0.793,0.793,0.429,0.429,0.429,4.213,2.000,8.426,2.107,21027.250,0.948,0.805,3104.784,-25.300,199.000
dog,1.855,1.650,1.426,2.536,1.800,1.486,5.838,5.000,29.189,1.168,5304.219,0.326,0.149,744.008,83.900,64.000
dog,1.640,1.640,1.640,0.040,0.040,0.040,4.526,3.000,13.577,1.509,13806.000,0.695,0.394,1091.316,133.600,131.000
dog,1.795,1.537,1.537,2.077,0.235,0.235,5.461,4.000,21.844,1.365,6466.250,0.387,0.211,1423.819,99.100,96.000
dog,1.516,1.422,1.422,0.804,0.794,0.794,6.199,4.000,24.796,1.550,10300.042,0.503,0.277,2729.366,137.600,127.000
dog,1.592,1.592,1.592,0.580,0.580,0.580,4.009,3.000,12.028,1.336,8483.188,0.520,0.298,335.427,99.400,92.000
dog,1.063,1.058,0.814,1.502,1.007,0.810,5.251,5.000,26.257,1.050,1554.719,0.158,0.079,432.639,43.000,49.000
dog,1.187,1.187,1.187,0.186,0.186,0.186,4.517,3.000,13.550,1.506,6481.250,0.423,0.246,1063.102,113.200,94.000
dog,1.419,1.355,0.847,1.939,1.455,0.764,4.627,5.000,23.136,0.925,1805.406,0.191,0.109,340.137,39.000,53.000
dog,1.189,1.189,1.189,0.998,0.097,0.097,5.980,4.000,23.922,1.495,6758.125,0.361,0.198,2310.440,130.300,108.000
dog,1.523,1.517,1.517,2.038,1.784,1.127,5.165,5.000,25.827,1.033,3874.750,0.286,0.145,709.477,61.500,72.000
dog,1.019,0.455,0.258,1.143,0.413,0.203,22.188,40.000,887.518,0.555,1617.114,0.152,0.076,874.182,110.000,77.000
dog,1.629,0.517,0.340,1.735,0.620,0.270,15.812,30.000,474.346,0.527,1049.000,0.130,0.066,303.915,58.900,48.000
dog,1.919,1.422,1.048,2.285,1.621,1.294,14.175,15.000,212.631,0.945,2209.820,0.151,0.083,1959.267,116.900,85.000
dog,1.099,0.580,0.548,0.721,0.634,0.426,10.479,13.000,136.229,0.806,3291.526,0.261,0.128,1306.862,97.600,81.000
dog,0.950,0.524,0.302,1.162,0.529,0.369,6.161,14.000,86.253,0.440,2004.709,0.170,0.081,874.062,34.500,68.000
dog,1.108,1.108,1.108,1.628,1.628,1.628,2.185,3.000,6.555,0.728,8812.813,0.492,0.293,799.449,-6.000,100.000
dog,0.411,0.411,0.411,0.598,0.598,0.598,1.385,3.000,4.154,0.462,5946.313,0.304,0.143,1365.751,124.000,63.000
dog,2.793,2.514,2.414,3.434,3.129,2.918,4.510,5.000,22.548,0.902,4646.000,0.246,0.160,1195.741,101.900,65.000
dog,0.577,0.505,0.505,0.706,0.480,0.480,1.877,4.000,7.506,0.469,7164.708,0.407,0.218,1104.829,116.600,69.000
dog,1.220,1.220,1.220,1.386,1.386,1.386,2.569,3.000,7.707,0.856,8141.750,0.481,0.282,879.981,111.800,97.000
dog,0.895,0.895,0.895,0.715,0.715,0.715,2.858,3.000,8.574,0.953,11715.750,0.581,0.332,1065.830,123.300,106.000
dog,0.921,0.921,0.921,1.619,1.619,1.619,2.625,2.000,5.251,1.313,14530.750,0.650,0.401,2182.810,-22.100,140.000
dog,1.899,1.384,0.971,2.311,1.236,1.143,5.485,6.000,32.909,0.914,3353.897,0.234,0.129,1049.794,81.900,79.000
dog,0.826,0.640,0.431,0.970,0.546,0.396,4.665,10.000,46.653,0.467,2116.577,0.193,0.094,528.302,69.000,50.000
dog,0.850,0.850,0.850,0.093,0.093,0.093,3.421,3.000,10.262,1.140,11738.688,0.531,0.310,4465.292,141.200,132.000
dog,1.445,1.445,1.445,1.662,1.662,1.662,3.171,3.000,9.513,1.057,9711.500,0.507,0.310,1351.011,102.900,117.000
dog,0.735,0.735,0.735,0.291,0.291,0.291,2.242,3.000,6.727,0.747,10843.438,0.564,0.290,2685.893,95.400,81.000
dog,1.555,1.516,1.516,2.180,1.652,1.652,3.821,4.000,15.285,0.955,7150.792,0.392,0.215,1870.788,123.200,106.000
dog,0.673,0.673,0.673,0.231,0.231,0.231,2.664,2.000,5.327,1.332,14483.500,0.728,0.448,340.722,-17.700,126.000
dog,1.167,1.167,1.167,0.864,0.864,0.864,2.587,2.000,5.174,1.293,8731.250,0.569,0.352,413.986,-11.900,90.000
dog,0.946,0.946,0.946,0.041,0.041,0.041,2.891,3.000,8.674,0.964,7250.750,0.445,0.266,787.020,99.400,96.000
dog,1.222,1.222,1.222,0.280,0.280,0.280,3.330,3.000,9.990,1.110,6814.125,0.430,0.266,620.332,112.300,90.000
dog,0.982,0.982,0.982,1.176,1.176,1.176,2.120,2.000,4.239,1.060,7524.000,0.501,0.285,652.589,-10.200,81.000
dog,1.137,1.137,1.137,1.219,1.219,1.219,3.076,3.000,9.229,1.025,5574.625,0.369,0.208,650.451,-9.600,74.000
dog,1.264,1.264,1.264,1.033,1.033,1.033,3.247,3.000,9.740,1.082,6335.250,0.410,0.226,763.874,91.400,86.000
dog,0.920,0.648,0.567,1.139,0.707,0.528,2.406,5.000,12.030,0.481,3162.031,0.251,0.120,155.773,45.300,49.000
