00 FF FF 00 01 06 00 EE 00 00 00 01 00 01 
00 FF FF 00 01 06 00 EE 00 01 00 01 00 01 
00 FF FF 00 01 06 00 EE 00 02 00 01 00 01 
00 FF FF 00 01 06 00 EE 00 00 00 01 00 02 
00 FF FF 00 01 06 00 EE 00 01 00 01 00 02 
00 FF FF 00 01 06 00 EE 00 02 00 01 00 02 
00 FF FF 00 01 06 00 EE 00 00 00 01 00 03 
00 FF FF 00 01 54 00 EF 00 01 00 00 0F FF 0F FF 0F FF 0F FF 0F FF 0F FF 0F FF 0F FF 0F FF 0F FF 0E 2F 0F FF 04 17 0F FF 02 1F 0A C7 03 57 01 97 00 02 00 02 00 02 07 0F 00 03 00 01 00 02 00 00 00 03 00 02 00 04 00 6E 00 03 05 97 00 03 0F FF 00 03 09 C7 00 04 00 02 00 03 0E 7F 
00 FF FF 00 01 54 00 EF 00 01 00 01 00 02 0F FF 00 01 0F FF 00 04 07 03 00 01 0F 27 00 03 0C D7 00 01 02 47 00 04 0F FF 00 04 0F FF 00 03 0F FF 00 03 0D BB 00 03 07 C7 00 06 0F FF 00 02 0F 6F 00 01 00 A6 00 02 0F FF 00 00 0C 87 00 03 05 7B 00 01 0F FF 00 03 0C 07 00 00 0F FF 
00 FF FF 00 01 54 00 EF 00 01 00 02 00 04 0F FF 00 01 0F FF 00 04 00 02 00 01 0B 1F 00 03 00 3E 00 03 0D 47 00 03 00 01 00 03 04 BB 00 04 00 01 00 01 00 01 00 01 00 01 00 01 00 02 00 03 00 01 00 03 00 00 00 03 00 02 00 03 00 00 00 02 00 02 00 01 00 01 00 03 00 01 00 03 00 01 
00 FF FF 00 01 54 00 EF 00 01 00 03 00 03 00 00 00 03 00 02 00 01 00 01 00 03 00 01 00 03 00 01 00 03 00 01 00 03 00 01 00 00 00 00 00 04 00 02 00 02 00 01 00 02 00 01 00 04 00 02 00 02 00 01 00 02 00 01 00 03 00 02 00 02 00 01 00 05 00 00 00 03 00 03 00 04 00 02 00 04 00 02 
00 FF FF 00 01 54 00 EF 00 01 00 04 00 03 00 01 00 01 00 01 00 00 00 02 00 03 00 01 00 03 00 01 00 01 0F FF 00 05 0B BF 00 01 00 00 00 03 00 02 00 02 00 01 00 03 00 01 00 03 00 02 00 03 00 00 00 01 00 02 00 02 00 01 00 03 00 02 00 04 00 01 00 02 00 00 00 01 00 01 00 03 00 02 
00 FF FF 00 01 54 00 EF 00 01 00 05 00 02 00 01 00 02 00 00 00 04 00 02 00 02 00 00 00 03 00 02 00 02 00 00 00 01 01 73 00 02 00 01 00 00 00 01 00 01 03 0F 00 00 00 01 00 03 00 02 00 02 00 01 00 01 00 01 00 00 02 5F 00 04 00 02 00 02 00 01 00 02 00 01 00 03 00 00 00 02 00 01 
00 FF FF 00 01 54 00 EF 00 01 00 06 00 00 00 00 00 04 00 02 00 04 00 01 00 04 00 02 00 04 00 01 00 02 00 01 00 03 00 02 00 02 00 01 00 03 00 02 00 02 00 01 00 03 00 02 00 04 0C F7 00 01 0F FF 00 03 00 01 00 02 00 02 00 03 00 01 00 02 00 02 00 04 00 01 00 03 00 02 00 01 00 00 
00 FF FF 00 01 54 00 EF 00 01 00 07 00 00 00 01 00 02 00 02 00 00 00 01 00 02 00 00 00 03 00 00 00 03 00 01 00 02 00 00 00 02 00 02 00 03 00 00 00 03 00 01 00 04 00 02 00 04 08 27 00 02 00 00 00 01 00 00 00 04 00 01 00 04 00 69 00 03 00 01 00 02 00 C3 00 03 00 02 00 03 00 02 
00 FF FF 00 01 54 00 EF 00 01 00 08 00 00 00 01 00 03 00 02 00 03 00 02 00 03 0F FF 00 02 04 A7 00 04 00 02 00 00 00 01 00 00 00 02 00 04 09 87 00 04 00 02 00 01 0F FF 00 02 00 03 00 02 00 01 00 04 00 00 00 00 00 02 00 02 04 27 00 02 0F 03 00 03 01 FF 00 03 00 01 00 03 00 01 
00 FF FF 00 01 54 00 EF 00 01 00 09 00 04 0F FF 00 03 00 02 00 03 00 03 00 03 0F FF 00 01 00 01 00 02 00 02 00 02 00 01 00 03 04 EB 00 04 00 01 00 03 00 00 00 00 01 4F 00 03 00 01 00 03 00 01 00 03 00 00 00 02 01 AF 00 03 00 02 00 03 00 01 00 03 00 00 00 00 01 36 00 03 00 02 
00 FF FF 00 01 06 00 EE 00 01 00 01 00 03 
00 FF FF 00 01 54 00 EF 00 01 00 0A 00 03 00 02 00 03 00 01 00 02 00 02 00 01 00 02 00 05 0F FF 00 01 0F FF 00 03 08 C7 00 01 00 01 00 01 00 01 00 03 00 DE 00 02 0F FF 00 01 01 8F 00 02 00 01 00 04 00 02 00 00 00 02 00 04 00 01 00 02 0F FF 00 03 0D 77 00 04 00 00 00 01 00 02 
00 FF FF 00 01 54 00 EF 00 01 00 0B 00 03 00 01 00 00 00 EF 00 02 00 02 00 03 00 02 00 03 00 01 00 04 00 01 00 04 00 00 00 03 00 01 00 02 00 00 00 04 00 02 00 00 00 01 00 03 00 02 00 02 00 02 00 04 01 4B 00 00 00 01 00 01 00 01 00 05 0F FF 00 02 04 0B 00 02 00 01 00 03 00 02 
00 FF FF 00 01 54 00 EF 00 01 00 0C 00 02 0E E7 00 03 0F FF 00 04 00 00 00 02 00 01 00 01 00 01 00 03 05 FF 00 03 00 00 00 02 00 02 00 02 00 02 00 02 00 01 00 00 00 03 00 03 00 01 00 04 00 02 00 03 00 02 00 02 00 01 00 03 00 02 00 00 00 01 00 04 00 02 00 00 00 01 00 03 0F FF 
00 FF FF 00 01 54 00 EF 00 01 00 0D 00 03 0F FF 00 04 00 01 00 03 0A 4F 00 04 0F FF 00 03 00 77 00 00 03 CF 00 03 0F FF 00 02 00 02 00 03 00 00 00 01 00 01 00 02 00 02 00 03 00 02 00 02 00 01 00 04 00 00 00 00 00 03 00 01 00 02 00 04 00 01 00 03 00 01 00 03 00 00 00 02 00 01 
00 FF FF 00 01 54 00 EF 00 01 00 0E 00 05 00 01 00 01 0F FF 00 04 0F FF 00 04 0F FF 00 01 0D FF 00 02 0F FF 00 00 07 3B 00 03 08 C7 00 03 0F FF 00 04 0F FF 00 00 00 00 00 04 00 02 00 02 00 00 00 02 00 01 00 03 00 01 00 01 0F FF 00 03 00 00 00 03 0B 3F 00 00 02 53 00 00 00 AF 
00 FF FF 00 01 54 00 EF 00 01 00 0F 00 02 00 02 00 00 01 C7 00 02 00 00 00 04 00 01 00 03 00 00 00 01 00 01 00 03 0E 6F 00 01 0F FF 00 03 00 01 00 01 0F FF 00 02 0F FF 00 02 00 00 00 04 00 02 00 03 00 01 00 00 00 00 00 03 01 A3 00 03 00 00 00 03 0F FF 00 00 0F FF 00 04 0F FF 
00 FF FF 00 01 54 00 EF 00 01 00 10 00 03 00 01 00 03 00 02 00 02 02 9F 00 03 0F FF 00 04 03 DF 00 00 00 00 00 01 00 02 00 04 00 01 00 01 0F FF 00 03 00 02 00 03 00 01 00 02 00 01 00 03 02 7B 00 02 0B FF 00 00 00 00 00 04 00 02 00 03 00 01 00 01 00 01 00 03 00 01 00 04 00 02 
00 FF FF 00 01 54 00 EF 00 01 00 11 00 03 00 01 00 03 00 01 00 03 00 01 00 03 0F FF 00 04 08 47 00 01 00 00 00 00 0F 5F 00 03 0F FF 00 02 03 43 00 03 00 02 00 01 00 00 00 02 00 01 00 01 07 97 00 02 0F FF 00 03 00 02 00 03 0F FF 00 05 0F FF 00 00 04 D7 00 02 00 01 00 04 03 0B 
00 FF FF 00 01 54 00 EF 00 01 00 12 00 00 00 01 00 04 00 02 00 03 00 01 00 03 00 01 00 04 00 02 00 03 0F FF 00 00 00 02 00 03 0F FF 00 02 0F FF 00 04 00 03 00 02 00 00 00 03 00 01 00 04 00 02 00 03 00 01 00 03 00 00 00 03 00 02 00 03 00 02 00 02 0D DB 00 03 00 01 00 04 00 02 
00 FF FF 00 01 06 00 EE 00 02 00 01 00 03 
00 FF FF 00 01 54 00 EF 00 01 00 13 00 05 0B CB 00 01 00 01 00 02 00 01 00 02 0F FF 00 03 00 01 00 01 0F FF 00 02 01 5F 00 00 0D 77 00 04 0F FF 00 04 00 01 00 00 00 01 00 01 0F FF 00 03 0F FF 00 02 0F FF 00 02 01 E7 00 04 0D D3 00 05 0C 3B 00 00 00 02 00 00 00 00 00 03 00 00 
00 FF FF 00 01 54 00 EF 00 01 00 14 00 00 00 01 00 03 00 01 00 00 0D 27 00 04 0F FF 00 04 0F FF 00 03 00 00 00 00 00 00 00 04 00 01 00 03 00 02 00 03 00 02 00 01 00 02 00 03 0F FF 00 03 0F FF 00 03 0F FF 00 00 00 00 00 01 00 01 00 02 00 01 00 03 00 01 00 02 0F FF 00 03 00 01 
00 FF FF 00 01 54 00 EF 00 01 00 15 00 02 00 01 00 01 00 02 00 01 00 02 00 03 0B 4B 00 03 07 77 00 04 00 01 00 03 0F FF 00 04 0F FF 00 03 0F FF 00 03 00 02 00 02 0F FF 00 01 00 02 00 03 00 01 00 03 00 01 00 03 00 02 00 04 0F FF 00 03 00 02 00 02 09 B7 00 04 0F FF 00 03 0F FF 
00 FF FF 00 01 54 00 EF 00 01 00 16 00 02 00 02 00 04 0F FF 00 00 00 23 00 03 0F FF 00 02 00 EF 00 03 00 01 00 00 00 00 00 03 0F FF 00 02 0F FF 00 02 00 03 00 03 07 B7 00 02 00 01 00 04 0F FF 00 02 04 8F 00 01 00 01 00 03 00 01 00 04 00 01 00 02 00 01 00 04 0F FF 00 01 00 01 
00 FF FF 00 01 54 00 EF 00 01 00 17 00 02 0F FF 00 03 00 00 00 03 0A 47 00 03 0F FF 00 01 0F FF 00 03 00 00 00 00 0F FF 00 03 00 01 00 05 0F FF 00 01 0F FF 00 03 0E E7 00 03 0A 77 00 02 01 5B 00 03 04 0B 00 00 00 01 00 00 00 01 00 02 00 01 00 02 00 01 00 04 00 02 00 02 00 01 
00 FF FF 00 01 54 00 EF 00 01 00 18 00 04 01 13 00 02 0F FF 00 03 06 57 00 02 00 01 00 02 00 02 00 03 00 02 00 01 00 02 00 03 00 01 00 04 00 01 00 01 00 02 00 01 00 01 00 04 00 01 00 01 05 3B 00 02 0F FF 00 03 0F FF 00 03 0F FF 00 04 0F FF 00 02 00 00 00 03 0F FF 00 03 05 DF 
00 FF FF 00 01 54 00 EF 00 01 00 19 00 02 00 01 00 02 03 43 00 02 00 02 00 04 00 02 00 03 01 BB 00 02 00 00 00 00 00 01 00 02 00 01 00 03 00 01 00 03 00 01 00 01 0F FF 00 04 00 02 00 02 00 01 00 02 00 02 00 00 00 02 00 04 00 23 00 02 00 00 00 02 00 02 00 03 00 01 00 04 0F FF 
00 FF FF 00 01 54 00 EF 00 01 00 1A 00 02 0F FF 00 03 00 01 00 00 00 01 00 02 06 9B 00 01 00 01 00 01 00 02 00 03 0F FF 00 05 00 00 00 03 00 00 00 03 0F FF 00 02 0C 3F 00 04 0F FF 00 02 00 02 00 03 00 01 00 03 00 02 00 03 00 00 00 03 00 01 00 03 00 01 00 01 00 01 00 03 00 01 
00 FF FF 00 01 54 00 EF 00 01 00 1B 00 04 00 02 00 03 00 02 00 03 00 02 00 02 00 02 00 02 00 01 00 02 00 01 00 03 00 00 00 02 00 02 00 03 0F FF 00 03 00 03 00 02 0F FF 00 04 00 00 00 03 00 00 00 03 00 02 00 01 00 01 00 03 00 01 00 04 00 02 00 03 0C C7 00 02 00 01 00 03 00 01 
00 FF FF 00 01 54 00 EF 00 01 00 1C 00 03 00 02 00 02 01 4F 00 03 00 02 00 03 00 01 00 03 00 02 00 02 00 01 00 02 00 00 00 02 00 02 00 04 00 01 00 03 00 01 00 02 00 00 00 04 00 02 00 03 00 01 00 02 00 00 00 02 06 1F 00 04 0F FF 00 04 00 02 00 01 00 02 00 02 00 01 00 04 00 02 
00 FF FF 00 01 54 00 EF 00 01 00 1D 00 03 00 02 00 01 00 01 00 00 00 00 00 01 00 02 00 03 05 37 00 02 0F FF 00 02 00 01 00 02 00 03 00 03 05 C3 00 04 00 01 00 04 0F FF 00 04 09 FF 00 00 00 01 00 02 0F FF 00 04 00 02 00 03 00 02 00 05 03 A7 00 01 00 01 00 01 00 00 00 03 03 57 
00 FF FF 00 01 54 00 EF 00 01 00 1E 00 02 00 01 00 04 00 01 00 03 0A 2B 00 02 00 01 00 02 0B 03 00 03 00 02 00 04 00 01 00 01 0F FF 00 03 0F FF 00 03 00 02 00 03 00 01 00 04 08 BB 00 04 00 00 00 04 00 01 00 02 02 57 00 01 00 02 00 04 00 01 00 03 00 02 00 00 00 01 00 00 0F FF 
00 FF FF 00 01 54 00 EF 00 01 00 1F 00 00 0F FF 00 04 00 02 00 00 00 01 00 03 00 01 00 03 00 01 00 04 00 00 00 04 00 01 00 01 00 01 00 02 00 01 00 04 00 01 00 02 00 01 00 03 00 02 00 03 00 02 00 03 00 02 00 01 00 00 00 04 00 02 00 01 00 00 00 04 00 01 00 00 00 76 00 02 00 02 
00 FF FF 00 01 54 00 EF 00 01 00 20 00 02 00 02 00 01 00 02 00 00 0F FF 00 03 00 01 00 03 00 01 00 03 00 01 00 00 00 01 00 04 00 01 00 04 0F FF 00 04 00 02 00 00 00 02 00 02 00 01 00 02 00 02 00 03 00 01 00 03 00 03 00 04 00 01 00 03 00 02 00 02 00 02 00 04 00 02 00 03 00 00 
00 FF FF 00 01 54 00 EF 00 01 00 21 00 01 00 01 00 02 00 01 00 03 00 00 00 04 00 00 00 02 00 01 00 02 00 02 00 04 0B 47 00 02 07 07 00 03 0E 3F 00 00 0F FF 00 00 00 01 00 03 00 01 00 03 00 00 00 01 00 02 00 00 00 01 00 02 00 03 00 03 00 01 00 03 00 02 00 00 00 02 00 02 00 01 
00 FF FF 00 01 54 00 EF 00 01 00 22 00 03 00 00 00 03 00 01 00 00 00 02 00 03 0F 4F 00 03 0D 37 00 04 0F FF 00 04 00 02 00 01 00 01 00 03 0D 07 00 00 0F FF 00 01 0F FF 00 03 00 01 00 02 00 02 00 03 00 01 00 00 00 01 00 03 00 01 00 02 00 00 00 01 00 02 00 03 0F 7B 00 04 0F FF 
00 FF FF 00 01 54 00 EF 00 01 00 23 00 02 03 13 00 03 00 00 00 03 0B D7 00 02 08 83 00 05 00 00 00 02 00 00 00 03 00 02 00 03 00 01 00 00 00 01 00 00 00 02 00 02 00 02 00 04 00 01 00 02 00 02 00 02 00 01 00 02 0F FF 00 03 00 01 00 03 0F FF 00 01 0F FF 00 03 01 E7 00 03 00 02 
00 FF FF 00 01 54 00 EF 00 01 00 24 00 00 00 02 00 03 00 01 00 03 00 02 00 02 00 01 00 01 0F FF 00 02 00 01 00 00 00 00 00 01 00 00 00 03 04 2B 00 02 00 02 00 01 00 01 00 02 00 73 00 02 0F FF 00 03 0F FF 00 00 00 01 00 02 0F FF 00 03 00 01 00 01 00 01 00 03 00 02 00 03 00 02 
00 FF FF 00 01 54 00 EF 00 01 00 25 00 02 0F FF 00 03 0F FF 00 02 00 00 00 02 00 02 00 04 00 01 00 01 00 02 00 03 00 01 00 02 00 00 00 02 00 01 00 02 00 02 00 04 00 00 00 01 0F FF 00 02 00 02 00 02 00 01 00 00 00 02 00 03 00 02 00 01 00 01 00 01 0E C3 00 02 00 02 00 02 01 EF 
00 FF FF 00 01 54 00 EF 00 01 00 26 00 03 00 01 00 02 00 00 00 04 00 01 00 02 00 01 00 04 00 01 00 04 00 01 00 00 02 FF 00 03 00 48 00 03 00 02 00 01 00 02 00 02 08 57 00 04 00 01 00 00 08 3F 00 04 00 02 00 03 02 47 00 04 00 01 00 02 0F FF 00 02 03 7B 00 01 0A 2F 00 03 0F FF 
00 FF FF 00 01 54 00 EF 00 01 00 27 00 03 0F FF 00 04 00 02 00 00 04 AF 00 04 08 27 00 02 01 47 00 03 0F FF 00 00 01 C3 00 04 01 8F 00 02 00 00 00 02 00 00 00 04 0F FF 00 00 00 02 00 04 0F 1B 00 00 00 00 00 02 0F FF 00 04 00 01 00 01 00 02 00 02 00 02 00 02 0C 2F 00 03 00 02 
00 FF FF 00 01 54 00 EF 00 01 00 28 00 03 00 01 00 01 00 01 00 00 00 02 00 03 0F FF 00 03 00 00 00 02 00 01 00 00 00 01 00 04 03 EF 00 03 05 BF 00 04 00 01 00 01 00 01 00 03 00 00 00 02 00 02 00 01 0F FF 00 02 0E 27 00 03 00 01 00 03 07 E7 00 04 0F FF 00 03 08 E3 00 02 00 01 
00 FF FF 00 01 54 00 EF 00 01 00 29 00 02 00 01 00 02 00 01 00 00 00 02 00 03 0D 8F 00 02 0F FF 00 04 00 03 00 03 00 03 00 03 00 01 00 01 00 00 00 01 0F FF 00 00 0F FF 00 03 00 01 00 03 03 37 00 02 0F FF 00 03 0F FF 00 04 00 03 00 04 0F FF 00 03 0F FF 00 03 0F FF 00 02 00 02 
00 FF FF 00 01 54 00 EF 00 01 00 2A 00 03 0B EF 00 03 06 0F 00 04 0F FF 00 03 0D CF 00 04 00 00 00 03 00 01 00 02 0F BF 00 02 00 02 00 01 00 01 00 03 01 4F 00 00 0A 87 00 03 00 01 00 04 0F FF 00 04 0F FF 00 03 0F FF 00 04 0F FF 00 04 0F FF 00 01 0F FF 00 02 00 02 00 00 02 3B 
00 FF FF 00 01 54 00 EF 00 01 00 2B 00 04 0F FF 00 02 00 01 00 04 00 01 00 04 0F FF 00 02 07 DF 00 03 00 02 00 03 00 00 00 02 00 03 00 02 00 01 00 02 00 01 00 03 00 01 00 02 00 01 00 01 00 00 00 04 00 02 00 03 00 00 00 02 00 00 00 00 00 01 00 02 00 00 00 04 00 01 00 04 0C C7 
00 FF FF 00 01 54 00 EF 00 01 00 2C 00 04 09 A3 00 02 00 01 00 00 00 01 00 03 00 01 00 01 00 00 00 01 00 01 00 03 00 01 00 04 0F FF 00 04 00 01 00 03 00 01 00 04 0F FF 00 03 01 63 00 05 00 01 00 00 00 01 00 02 00 02 00 03 00 01 00 02 00 00 00 04 09 FF 00 02 0F FF 00 03 0F FF 
00 FF FF 00 01 54 00 EF 00 01 00 2D 00 03 00 00 00 02 00 01 00 01 02 27 00 03 00 01 00 02 00 01 00 04 0F FF 00 04 0F FF 00 04 0C A7 00 02 0D 7B 00 01 00 01 00 03 00 00 00 03 00 00 00 03 00 01 00 02 0F FF 00 03 02 13 00 02 00 02 00 04 00 01 00 04 0F FF 00 02 00 00 00 03 00 02 
00 FF FF 00 01 54 00 EF 00 01 00 2E 00 05 00 01 00 00 00 01 00 03 00 01 00 03 00 01 00 04 0F FF 00 02 0F FF 00 03 00 01 00 03 00 77 00 02 0F FF 00 03 00 02 00 04 00 03 00 04 00 02 00 04 00 01 00 03 00 01 00 00 00 00 00 04 02 6F 00 03 00 00 00 02 00 02 00 03 0F FF 00 03 0E 17 
00 FF FF 00 01 54 00 EF 00 01 00 2F 00 05 03 A7 00 01 05 B3 00 03 00 0F 00 03 0B 47 00 02 00 01 00 02 00 01 00 03 00 02 00 03 01 13 00 03 00 03 00 02 00 00 00 04 00 01 00 02 00 02 00 02 00 03 00 04 00 02 00 00 0A 77 00 05 0F FF 00 04 0F FF 00 03 0F FF 00 03 0D 57 00 03 0E D7 
00 FF FF 00 01 54 00 EF 00 01 00 30 00 02 0F FF 00 02 0F FF 00 02 09 DF 00 02 00 01 00 02 00 02 00 03 0F FF 00 03 0F FF 00 01 00 02 00 00 00 01 00 03 00 0D 00 00 00 01 00 02 00 01 00 00 00 00 00 02 00 02 00 03 07 37 00 03 00 01 00 03 00 01 00 02 00 02 00 03 00 00 00 03 00 02 
00 FF FF 00 01 54 00 EF 00 01 00 31 00 02 00 00 00 03 00 00 00 03 00 02 00 04 00 02 00 02 00 02 00 02 00 01 00 00 00 01 00 03 00 02 00 04 00 01 00 03 00 2B 00 03 01 67 00 04 00 02 00 03 00 00 00 02 00 01 00 01 00 00 00 04 00 00 00 00 08 A7 00 04 0F FF 00 00 00 01 00 05 00 03 
00 FF FF 00 01 54 00 EF 00 01 00 32 00 04 00 01 00 02 08 D3 00 03 00 02 00 03 00 01 00 03 00 00 00 03 00 02 00 00 00 61 00 02 00 01 00 03 00 01 00 01 00 01 00 03 00 02 00 03 00 01 00 03 00 00 00 01 00 02 00 03 00 02 00 02 00 02 00 03 00 5F 00 03 00 01 00 03 00 01 00 02 00 01 
00 FF FF 00 01 54 00 EF 00 01 00 33 00 01 00 02 00 01 00 01 00 02 00 00 00 04 00 BE 00 02 00 01 00 03 00 01 00 02 00 00 00 03 0F FF 00 03 00 02 00 03 00 01 00 03 00 00 00 02 00 01 00 04 00 00 00 03 00 01 00 02 00 02 00 02 00 01 00 02 0A E7 00 00 06 97 00 01 00 00 00 02 00 01 
00 FF FF 00 01 54 00 EF 00 01 00 34 00 02 00 01 00 03 00 03 00 03 00 01 00 03 0F FF 00 02 00 00 00 02 0F FF 00 03 0F FF 00 04 00 02 00 02 0F FF 00 04 00 01 00 03 0F FF 00 02 0F FF 00 04 00 01 00 01 0F FF 00 00 0F FF 00 02 00 01 00 01 00 02 00 00 02 93 00 03 00 00 00 03 00 01 
00 FF FF 00 01 54 00 EF 00 01 00 35 00 02 00 01 00 03 00 01 00 03 00 00 00 04 00 02 00 03 0F FF 00 00 00 03 00 00 00 02 00 02 00 02 00 03 00 02 00 02 0A F7 00 04 00 02 00 04 00 01 00 00 0F FF 00 03 0F FF 00 03 00 00 00 02 02 3B 00 03 0E 57 00 02 0F FF 00 00 0F FF 00 03 00 01 
00 FF FF 00 01 54 00 EF 00 01 00 36 00 02 00 02 00 02 00 02 00 03 00 01 00 04 00 02 00 02 00 02 00 03 00 01 00 03 00 02 00 03 00 02 00 02 00 01 00 01 00 01 00 02 00 01 00 02 00 01 00 03 00 01 00 01 00 00 00 02 0F FF 00 04 00 00 00 03 00 02 00 02 00 00 00 02 00 02 00 04 00 01 
00 FF FF 00 01 54 00 EF 00 01 00 37 00 02 00 01 00 03 00 01 00 00 00 02 00 01 00 00 00 03 00 03 00 01 00 01 00 00 00 01 00 01 00 01 00 02 00 01 00 04 00 02 00 03 00 01 00 03 00 01 00 03 00 01 00 03 00 01 00 00 00 00 00 01 00 01 00 01 00 02 00 02 00 01 00 00 00 02 00 02 00 01 
00 FF FF 00 01 54 00 EF 00 01 00 38 00 03 00 02 00 02 00 01 00 03 00 01 00 03 00 00 00 04 00 02 00 02 00 02 00 03 00 01 00 03 00 01 00 02 00 01 00 02 00 01 00 03 00 00 00 02 00 00 00 03 00 02 00 03 00 01 00 00 00 00 00 02 00 00 00 02 00 00 00 02 00 01 00 00 00 00 00 03 00 02 
00 FF FF 00 01 54 00 EF 00 01 00 39 00 03 00 00 00 03 00 02 00 02 00 02 00 03 00 00 00 02 00 00 00 05 00 01 00 03 00 02 00 02 00 00 00 02 00 02 00 04 00 01 00 03 00 02 00 04 00 02 00 04 00 01 00 04 00 01 00 01 00 02 00 03 00 01 00 03 00 00 00 03 00 00 00 00 00 01 00 00 00 00 
00 FF FF 00 01 54 00 EF 00 01 00 3A 00 01 00 00 00 04 08 97 00 02 05 57 00 02 00 02 00 04 00 02 00 02 00 02 00 03 0F FF 00 03 0F FF 00 03 0F FF 00 04 0F FF 00 02 0F FF 00 03 0F FF 00 04 00 02 00 03 00 01 00 04 00 01 00 03 00 01 00 01 00 01 00 04 00 02 00 03 00 01 00 03 00 02 
00 FF FF 00 01 54 00 EF 00 01 00 3B 00 03 00 01 00 02 0D 6B 00 04 00 00 00 03 00 01 00 02 00 01 00 03 00 01 00 03 00 02 00 01 00 02 00 03 00 01 00 03 00 01 00 02 00 01 00 03 00 01 00 02 00 03 00 01 00 00 00 02 00 02 00 03 00 01 00 03 00 01 00 01 00 01 00 03 03 6F 00 01 00 02 
00 FF FF 00 01 54 00 EF 00 01 00 3C 00 03 00 01 00 03 00 01 00 03 00 02 00 03 00 01 00 03 00 02 00 03 00 01 00 00 00 00 00 03 00 00 00 03 00 01 00 02 00 00 00 02 0F FF 00 04 0F FF 00 04 00 02 00 03 0F FF 00 00 00 00 00 04 00 02 00 01 00 00 00 02 00 00 00 00 00 00 00 03 00 03 
00 FF FF 00 01 54 00 EF 00 01 00 3D 00 04 0F FF 00 02 00 D7 00 00 00 AF 00 03 00 02 00 04 00 02 00 03 00 00 00 01 00 01 00 03 00 00 00 03 00 02 00 03 00 01 00 04 00 01 00 04 00 02 00 05 00 03 00 02 00 00 00 04 00 02 00 03 00 01 00 04 00 00 00 03 00 02 00 02 00 01 00 04 00 01 
00 FF FF 00 01 54 00 EF 00 01 00 3E 00 04 00 01 00 01 0F FF 00 02 0A 7F 00 00 0F FF 00 04 00 01 00 02 00 01 00 03 0F FF 00 01 00 02 00 04 00 01 00 02 01 DB 00 03 00 00 00 00 00 00 00 01 00 01 00 03 00 00 00 00 00 01 00 02 00 01 00 03 00 02 00 03 0F 57 00 01 00 02 00 03 00 00 
00 FF FF 00 01 54 00 EF 00 01 00 3F 00 03 00 02 00 02 00 01 00 02 00 01 00 04 00 02 00 05 00 02 00 01 0F FF 00 02 00 01 00 02 00 00 00 03 00 02 00 04 00 01 00 02 00 00 00 04 00 03 00 03 00 01 00 03 00 01 00 02 00 03 00 03 00 00 00 02 00 02 00 03 00 01 00 02 00 01 00 04 00 00 
00 FF FF 00 01 54 00 EF 00 01 00 40 00 00 00 03 00 03 00 02 00 00 00 01 00 03 00 00 00 02 00 02 00 03 00 00 00 02 00 02 00 03 00 01 00 04 00 02 00 02 00 02 00 04 00 00 00 03 00 02 00 03 00 01 00 02 00 01 00 02 00 01 00 03 00 01 00 02 00 02 00 02 00 01 00 01 00 01 00 02 00 02 
00 FF FF 00 01 54 00 EF 00 01 00 41 00 03 00 02 00 02 00 01 00 03 00 01 00 02 00 01 00 02 00 01 00 02 00 02 00 01 00 02 00 04 00 02 00 00 00 01 00 03 00 01 00 03 00 01 00 04 00 02 00 03 00 02 00 02 00 00 00 01 00 01 00 00 00 01 00 04 00 01 00 02 00 03 00 00 00 00 00 03 00 02 
00 FF FF 00 01 54 00 EF 00 01 00 42 00 03 00 02 00 01 00 01 00 03 00 00 00 03 00 01 00 04 00 00 00 01 00 02 00 03 00 03 00 04 00 01 00 03 00 00 00 03 00 02 00 01 00 02 00 03 00 02 00 02 03 43 00 04 00 02 00 03 00 01 00 02 0F FF 00 02 0F FF 00 02 00 00 00 04 00 02 00 02 00 01 
00 FF FF 00 01 54 00 EF 00 01 00 43 00 03 0E F7 00 00 0F FF 00 03 0F FF 00 04 00 00 00 04 0F 17 00 03 00 01 00 00 00 00 00 03 00 01 00 03 00 00 00 02 00 8A 00 04 00 01 00 03 00 02 00 01 00 01 00 00 00 03 00 02 00 01 00 03 00 02 00 03 00 02 00 03 00 01 00 03 00 02 00 03 00 01 
00 FF FF 00 01 54 00 EF 00 01 00 44 00 01 00 01 00 02 00 01 00 01 00 00 00 02 00 02 00 04 00 02 00 02 00 01 00 04 00 01 00 04 00 00 00 02 00 00 00 03 00 01 00 04 00 00 00 03 00 01 00 04 0F FF 00 03 0F FF 00 04 00 02 00 01 00 03 00 02 00 01 00 00 0F FF 00 03 00 01 00 00 00 01 
00 FF FF 00 01 54 00 EF 00 01 00 45 00 03 00 00 00 02 00 00 00 03 00 02 00 03 00 02 00 02 00 02 00 03 00 01 00 04 00 01 00 03 00 00 00 03 00 00 00 03 00 00 00 00 00 01 00 03 00 02 00 03 00 02 00 04 0F FF 00 00 00 01 00 03 00 01 00 01 00 02 00 04 00 02 00 01 00 01 00 02 00 01 
00 FF FF 00 01 54 00 EF 00 01 00 46 00 03 00 01 00 02 00 01 00 03 00 00 00 01 00 00 00 02 00 02 00 03 00 00 00 03 00 02 00 02 00 01 00 03 00 01 00 02 00 01 00 01 00 01 00 03 00 02 00 03 00 01 00 03 0F FF 00 02 00 02 00 03 01 77 00 04 0F FF 00 02 00 01 00 00 00 01 00 04 00 01 
00 FF FF 00 01 54 00 EF 00 01 00 47 00 03 00 00 00 02 00 00 00 03 00 02 00 02 00 00 00 05 00 02 00 01 00 01 00 02 00 02 00 02 00 02 00 03 00 01 00 04 00 00 00 03 00 01 00 03 00 02 00 03 07 EF 00 03 00 02 00 03 00 01 00 04 00 03 00 00 00 01 00 04 00 01 00 00 00 00 00 03 00 00 
00 FF FF 00 01 54 00 EF 00 01 00 48 00 03 00 01 00 02 00 01 00 03 00 02 00 04 00 02 00 02 00 00 00 05 00 00 00 00 00 01 00 04 00 02 00 03 00 02 00 02 00 00 00 04 00 02 00 02 00 00 00 03 00 01 00 01 00 00 00 03 00 01 00 02 00 00 00 02 00 02 00 01 00 01 00 01 00 00 00 03 00 02 
00 FF FF 00 01 54 00 EF 00 01 00 49 00 04 00 02 00 01 01 77 00 04 06 BF 00 03 00 01 00 02 00 02 00 02 00 03 00 00 00 00 00 02 00 01 00 03 00 01 00 03 00 02 00 03 00 01 00 03 00 01 00 03 00 01 00 03 00 02 00 00 00 00 00 03 00 02 00 03 00 01 00 03 00 02 00 00 00 01 00 03 00 02 
00 FF FF 00 01 54 00 EF 00 01 00 4A 00 03 00 02 00 02 00 01 00 02 00 01 00 01 00 01 00 03 00 01 00 02 00 01 00 02 00 03 00 03 00 01 00 02 00 00 00 03 00 02 00 03 00 01 00 03 00 01 00 03 00 01 00 01 00 02 00 00 00 01 00 03 00 00 00 02 00 00 00 01 00 02 00 00 00 02 00 03 00 01 
00 FF FF 00 01 54 00 EF 00 01 00 4B 00 03 00 01 00 02 00 02 00 02 00 00 00 03 00 02 00 01 00 00 00 01 00 02 00 03 00 01 00 03 00 03 00 02 00 02 00 02 00 01 00 02 00 01 00 02 00 01 00 03 00 00 00 02 00 01 00 03 00 02 00 03 00 00 00 03 00 02 00 01 00 01 00 04 00 01 00 02 00 02 
00 FF FF 00 01 54 00 EF 00 01 00 4C 00 04 00 01 00 00 00 01 00 02 00 01 00 04 00 00 00 05 00 00 00 03 00 02 00 03 00 02 00 03 00 00 00 03 00 01 00 03 00 01 00 02 00 01 00 04 00 01 00 02 00 02 00 00 00 00 00 04 00 02 00 03 00 01 00 02 00 02 00 03 00 02 00 03 00 00 00 02 00 00 
00 FF FF 00 01 54 00 EF 00 01 00 4D 00 02 00 02 00 04 00 02 00 03 00 01 00 03 00 01 00 03 00 01 00 03 00 01 00 02 00 00 00 04 00 02 00 04 00 01 00 03 00 01 00 03 00 01 00 01 00 02 00 02 00 01 00 00 00 02 00 03 00 00 00 03 00 00 00 04 00 00 00 03 00 02 00 04 00 02 00 02 00 00 
00 FF FF 00 01 54 00 EF 00 01 00 4E 00 02 00 00 00 00 00 00 00 05 00 02 00 04 00 02 00 01 00 00 00 04 00 02 00 03 00 00 00 04 00 01 00 02 00 02 00 04 00 03 00 02 00 02 00 00 00 01 00 02 04 FF 00 02 00 00 00 04 00 00 00 04 00 02 00 03 00 02 00 01 00 02 00 02 00 00 00 04 00 00 
00 FF FF 00 01 54 00 EF 00 01 00 4F 00 02 00 01 00 02 0F FF 00 03 08 AF 00 03 00 00 00 02 00 02 00 01 00 02 00 02 00 01 00 03 00 00 00 01 04 03 00 03 00 01 00 04 00 01 00 02 00 02 00 01 00 01 00 01 00 02 00 02 00 02 00 03 00 02 00 03 00 01 00 03 00 5F 00 01 0F FF 00 03 00 02 
00 FF FF 00 01 54 00 EF 00 01 00 50 00 03 00 00 00 04 00 00 00 03 00 00 00 02 00 00 00 02 00 00 00 02 00 02 00 02 00 01 00 03 00 02 00 01 00 02 00 00 00 01 00 03 00 03 00 02 00 00 00 03 00 02 00 03 00 02 00 04 00 02 00 03 00 02 00 02 00 02 00 00 00 02 00 03 00 00 00 01 00 01 
00 FF FF 00 01 54 00 EF 00 01 00 51 00 02 00 01 00 03 00 02 00 03 00 02 00 03 00 02 00 03 00 01 00 04 00 02 00 02 00 00 00 03 00 03 00 04 00 03 00 03 00 02 00 03 00 03 00 04 00 02 00 03 00 02 00 00 00 01 00 04 00 00 00 04 00 02 00 04 00 02 00 02 00 02 00 00 00 02 00 05 00 01 
00 FF FF 00 01 54 00 EF 00 01 00 52 00 03 00 01 00 04 00 02 00 01 00 02 00 00 00 01 00 03 00 01 00 02 00 01 00 03 00 01 00 04 00 02 00 04 00 01 00 03 00 01 00 03 00 02 00 03 00 02 00 03 00 00 00 03 00 01 00 04 00 00 00 04 00 01 00 02 00 02 00 01 00 01 00 01 00 02 00 02 00 00 
00 FF FF 00 01 54 00 EF 00 01 00 53 00 03 00 02 00 02 00 01 00 03 00 02 00 03 00 02 00 02 00 02 00 02 00 01 00 04 00 01 00 02 00 01 00 04 00 02 00 02 00 01 00 02 00 01 00 03 00 01 00 02 00 00 00 00 00 01 00 03 00 01 00 01 00 02 00 03 00 01 00 02 00 01 00 03 00 01 00 01 00 00 
00 FF FF 00 01 54 00 EF 00 01 00 54 00 01 00 02 00 00 00 01 00 01 00 01 00 03 00 01 00 01 00 02 00 02 00 00 00 01 00 02 00 03 00 00 00 04 00 02 00 04 00 00 00 02 00 01 00 02 00 01 00 01 00 02 00 02 00 02 00 02 00 01 00 00 00 00 00 01 00 01 00 03 00 01 00 03 00 02 00 03 00 02 
00 FF FF 00 01 54 00 EF 00 01 00 55 00 01 00 01 00 00 00 01 00 03 00 00 00 03 00 00 00 00 00 01 00 03 00 01 00 02 00 02 00 04 00 03 00 04 00 00 00 01 00 01 00 03 00 01 00 03 00 00 00 02 00 00 00 02 00 02 00 02 00 03 00 04 00 00 00 01 00 03 00 00 00 00 00 02 00 01 00 03 00 00 
00 FF FF 00 01 54 00 EF 00 01 00 56 00 04 00 02 00 02 00 02 00 04 00 02 00 03 00 01 00 02 00 00 00 02 00 01 00 04 00 01 00 02 00 02 00 02 00 02 00 00 00 01 00 02 00 00 00 03 00 01 00 04 00 00 00 04 00 02 00 03 00 01 00 04 00 01 00 03 00 01 00 03 00 02 00 03 00 01 00 02 00 02 
00 FF FF 00 01 54 00 EF 00 01 00 57 00 01 00 02 00 03 00 01 00 02 00 02 00 03 00 01 00 03 00 01 00 02 00 01 00 02 00 01 00 01 00 02 00 02 00 00 00 00 00 02 00 02 00 02 00 02 00 02 00 04 00 01 00 01 00 02 00 02 00 00 00 03 00 01 00 02 00 01 00 03 00 01 00 04 00 01 00 02 00 02 
00 FF FF 00 01 54 00 EF 00 01 00 58 00 02 00 02 00 01 00 00 00 01 00 02 00 04 00 01 00 02 00 01 00 02 00 01 00 02 00 02 00 03 00 02 00 03 00 02 00 02 00 02 00 03 00 01 00 02 00 02 00 02 00 00 00 02 00 01 00 03 00 02 00 03 00 01 00 01 00 02 00 02 00 01 00 02 00 02 00 03 00 00 
00 FF FF 00 01 54 00 EF 00 01 00 59 00 01 00 02 00 00 00 00 00 04 00 02 00 02 00 01 00 04 00 01 00 03 00 01 00 03 00 01 00 04 00 01 00 03 00 00 00 03 00 01 00 02 00 00 00 03 00 00 00 02 00 01 00 03 00 01 00 02 00 02 00 00 00 02 00 03 00 02 00 00 00 01 00 02 00 01 00 02 00 00 
00 FF FF 00 01 54 00 EF 00 01 00 5A 00 04 00 01 00 02 00 01 00 04 00 02 00 03 00 02 00 01 00 02 00 00 00 01 00 04 00 01 00 04 00 02 00 02 00 02 00 02 00 02 00 02 00 01 00 04 00 01 00 03 00 00 00 02 00 01 00 02 00 02 00 02 00 00 00 03 00 01 00 01 00 01 00 04 00 02 00 04 00 01 
00 FF FF 00 01 54 00 EF 00 01 00 5B 00 02 00 01 00 01 00 02 00 01 00 01 00 05 00 01 00 03 00 02 00 02 00 01 00 03 00 00 00 02 00 02 00 02 00 02 00 03 00 01 00 03 00 01 00 02 00 02 00 00 00 01 00 00 00 02 00 00 00 01 00 01 00 02 00 03 00 02 00 03 00 02 00 03 00 01 00 04 00 01 
00 FF FF 00 01 54 00 EF 00 01 00 5C 00 03 00 00 00 02 00 01 00 02 00 02 00 03 00 01 00 02 00 00 00 00 00 02 00 03 00 00 00 03 00 00 00 03 00 01 00 03 00 01 00 04 00 01 00 02 00 00 00 03 00 03 00 00 00 03 00 01 00 01 00 02 00 01 00 01 00 01 00 00 00 01 00 02 00 02 00 02 00 01 
00 FF FF 00 01 54 00 EF 00 01 00 5D 00 04 00 02 00 03 00 02 00 03 00 01 00 03 00 02 00 01 00 01 00 00 00 02 00 03 00 00 00 03 00 02 00 03 00 02 00 02 00 00 00 04 00 01 00 01 00 01 00 03 00 00 00 04 00 02 00 03 00 01 00 04 00 00 00 02 00 01 00 02 00 01 00 03 00 02 00 01 00 02 
00 FF FF 00 01 54 00 EF 00 01 00 5E 00 02 00 01 00 00 00 02 00 02 00 01 00 04 00 00 00 03 00 02 00 00 00 02 00 02 00 01 00 03 00 01 00 04 00 02 00 03 00 00 00 00 00 01 00 02 00 01 00 03 00 02 00 01 00 02 00 04 00 01 00 01 00 01 00 03 00 02 00 01 00 01 00 04 00 01 00 03 00 01 
00 FF FF 00 01 54 00 EF 00 01 00 5F 00 02 00 00 00 00 00 01 00 02 00 01 00 03 00 01 00 03 00 02 00 03 00 00 00 03 00 01 00 03 00 02 00 03 00 02 00 01 00 01 00 01 00 02 00 04 00 01 00 04 00 01 00 02 00 01 00 01 00 02 00 03 00 01 00 02 00 02 00 00 00 02 00 02 00 02 00 01 00 01 
00 FF FF 00 01 54 00 EF 00 01 00 60 00 01 00 02 00 01 00 00 00 03 00 01 00 03 00 01 00 02 00 01 00 04 00 00 00 03 00 02 00 03 00 01 00 02 00 00 00 03 00 01 00 04 00 00 00 02 00 01 00 03 00 01 00 00 00 02 00 02 00 01 00 03 00 02 00 03 00 00 00 02 00 01 00 02 00 01 00 05 00 02 
00 FF FF 00 01 54 00 EF 00 01 00 61 00 02 00 01 00 00 00 02 00 02 00 02 00 01 00 00 00 02 00 01 00 02 00 02 00 04 00 02 00 03 00 01 00 04 00 02 00 04 00 02 00 01 00 01 00 04 00 00 00 00 00 02 00 01 00 01 00 04 00 01 00 02 00 01 00 02 00 02 00 02 00 01 00 00 00 01 00 04 00 02 
00 FF FF 00 01 54 00 EF 00 01 00 62 00 03 00 01 00 02 00 02 00 03 00 02 00 03 00 01 00 03 00 02 00 04 00 02 00 03 00 01 00 03 00 01 00 04 00 02 00 04 00 01 00 03 00 01 00 04 00 02 00 03 00 01 00 00 00 02 00 04 00 01 00 03 00 01 00 03 00 02 00 02 00 00 00 03 00 00 00 04 00 02 
00 FF FF 00 01 54 00 EF 00 01 00 63 00 04 00 01 00 02 00 02 00 02 00 00 00 04 00 01 00 01 00 02 00 01 00 00 00 04 00 01 00 03 00 00 00 00 00 00 00 02 00 02 00 03 00 00 00 03 00 03 00 03 00 01 00 04 00 01 00 02 00 01 00 03 00 00 00 02 00 01 00 02 00 03 00 01 00 01 00 02 00 01 
00 FF FF 00 01 54 00 EF 00 01 00 64 00 04 00 01 00 00 00 01 00 04 00 03 00 04 00 00 00 02 00 02 00 04 00 02 00 02 00 01 00 02 00 02 00 02 00 01 00 01 00 02 00 02 00 03 00 04 00 02 00 03 00 01 00 03 00 00 00 02 00 02 00 02 00 01 00 01 00 02 00 00 00 00 00 03 00 02 00 02 00 00 
00 FF FF 00 01 54 00 EF 00 01 00 65 00 01 00 02 00 04 00 02 00 01 00 01 00 04 00 02 00 03 00 00 00 02 00 02 00 03 00 01 00 03 00 02 00 02 00 02 00 02 00 01 00 03 00 01 00 04 00 00 00 04 00 02 00 02 00 00 00 02 00 01 00 03 00 01 00 04 00 02 00 03 00 02 00 03 00 02 00 03 00 00 
00 FF FF 00 01 54 00 EF 00 01 00 66 00 00 00 02 00 00 00 02 00 03 00 01 00 03 00 01 00 04 00 01 00 00 00 00 00 03 00 02 00 01 00 01 00 03 00 02 00 02 00 00 00 03 00 01 00 03 00 02 00 00 00 01 00 03 00 02 00 02 00 01 00 03 00 01 00 03 00 01 00 04 00 00 00 01 00 02 00 03 00 00 
00 FF FF 00 01 54 00 EF 00 01 00 67 00 02 00 02 00 00 00 01 00 04 00 02 00 02 00 01 00 03 00 01 00 04 00 00 00 03 00 01 00 02 00 01 00 03 00 01 00 03 00 02 00 02 00 00 00 02 00 00 00 02 00 02 00 00 00 01 00 03 00 01 00 03 00 01 00 01 00 00 00 00 00 01 00 00 00 02 00 03 00 02 
00 FF FF 00 01 54 00 EF 00 01 00 68 00 01 00 00 00 01 00 02 00 01 00 01 00 02 00 02 00 03 00 01 00 02 00 02 00 04 00 01 00 02 00 02 00 03 00 01 00 00 00 02 00 02 00 02 00 05 00 01 00 03 00 00 00 03 00 00 00 03 00 00 00 02 00 01 00 02 00 01 00 03 00 03 00 03 00 02 00 03 00 00 
00 FF FF 00 01 54 00 EF 00 01 00 69 00 02 00 01 00 00 00 03 00 03 00 01 00 03 00 02 00 04 00 01 00 04 00 02 00 03 00 02 00 03 00 00 00 04 00 01 00 04 00 01 00 03 00 01 00 03 00 01 00 04 00 02 00 03 00 02 00 03 00 02 00 02 00 00 00 02 00 02 00 03 00 02 00 03 00 02 00 04 00 01 
00 FF FF 00 01 54 00 EF 00 01 00 6A 00 03 00 02 00 00 00 02 00 02 00 01 00 01 00 02 00 03 00 01 00 03 00 01 00 03 00 00 00 05 00 01 00 03 00 01 00 03 00 01 00 04 00 02 00 03 00 00 00 00 00 02 00 00 00 01 00 03 00 00 00 03 00 00 00 03 00 02 00 04 00 01 00 03 00 02 00 04 00 00 
00 FF FF 00 01 54 00 EF 00 01 00 6B 00 02 00 00 00 03 00 01 00 03 00 01 00 03 00 01 00 02 00 00 00 02 00 01 00 03 00 01 00 03 00 01 00 02 00 02 00 03 00 01 00 03 00 00 00 01 00 01 00 00 00 02 00 03 00 00 00 03 00 00 00 01 00 00 00 04 00 01 00 03 00 01 00 03 00 01 00 02 00 01 
00 FF FF 00 01 54 00 EF 00 01 00 6C 00 03 00 02 00 03 00 02 00 03 00 02 00 04 00 00 00 04 00 02 00 03 00 02 00 03 00 01 00 03 00 02 00 03 00 01 00 01 00 00 00 03 00 00 00 00 00 00 00 02 00 00 00 02 00 01 00 00 00 00 00 02 00 03 00 02 00 02 00 02 00 02 00 03 00 02 00 02 00 01 
00 FF FF 00 01 54 00 EF 00 01 00 6D 00 04 00 03 00 03 00 02 00 03 00 01 00 02 00 00 00 02 00 01 00 04 00 02 00 02 00 02 00 03 00 01 00 04 00 02 00 03 00 02 00 04 00 02 00 04 00 01 00 04 00 02 00 03 00 02 00 03 00 01 00 02 00 00 00 02 00 01 00 00 00 01 00 04 00 01 00 03 00 00 
00 FF FF 00 01 54 00 EF 00 01 00 6E 00 01 00 01 00 04 00 01 00 02 00 01 00 02 00 01 00 03 00 01 00 03 00 02 00 03 00 02 00 03 00 01 00 02 00 02 00 03 00 02 00 03 00 02 00 00 00 02 00 03 00 02 00 02 00 01 00 02 00 01 00 02 00 02 00 03 00 00 00 02 00 02 00 03 00 02 00 03 00 00 
00 FF FF 00 01 54 00 EF 00 01 00 6F 00 00 00 02 00 00 00 02 00 03 00 02 00 02 00 02 00 04 00 01 00 03 00 02 00 04 00 00 00 02 00 02 00 01 00 02 00 00 00 00 00 02 00 01 00 02 00 03 00 04 00 01 00 03 00 02 00 02 00 00 00 04 00 02 00 03 00 01 00 04 00 01 00 02 00 00 00 04 00 01 
00 FF FF 00 01 54 00 EF 00 01 00 70 00 04 00 01 00 03 00 01 00 03 00 01 00 02 00 02 00 02 00 02 00 02 00 02 00 04 00 02 00 03 00 02 00 04 00 02 00 03 00 02 00 01 00 01 00 02 00 01 00 01 00 02 00 03 00 02 00 04 00 02 00 05 00 00 00 01 00 00 00 00 00 01 00 02 00 01 00 01 00 02 
00 FF FF 00 01 54 00 EF 00 01 00 71 00 04 00 01 00 03 00 02 00 03 00 01 00 03 00 02 00 01 00 00 00 04 00 00 00 02 00 01 00 03 00 02 00 02 00 01 00 03 00 00 00 02 00 01 00 03 00 02 00 00 00 02 00 03 00 00 00 04 00 01 00 03 00 01 00 00 00 01 00 01 00 02 00 01 00 02 00 02 00 01 
00 FF FF 00 01 54 00 EF 00 01 00 72 00 03 00 01 00 00 00 00 00 03 00 01 00 03 00 01 00 03 00 02 00 02 00 01 00 00 00 01 00 05 00 02 00 04 00 02 00 00 00 01 00 01 00 01 00 03 00 01 00 02 00 02 00 02 00 00 00 03 00 03 00 03 00 00 00 04 00 00 00 03 00 03 00 03 00 01 00 02 00 00 
00 FF FF 00 01 54 00 EF 00 01 00 73 00 03 00 01 00 02 00 00 00 05 00 02 00 03 00 00 00 01 00 01 00 00 00 00 00 04 00 02 00 03 00 01 00 03 00 01 00 03 00 01 00 02 00 02 00 03 00 03 00 03 00 01 00 01 00 01 00 03 00 01 00 03 00 02 00 03 00 00 00 03 00 01 00 03 00 02 00 02 00 02 
00 FF FF 00 01 54 00 EF 00 01 00 74 00 03 00 02 00 02 00 01 00 03 00 01 00 02 00 01 00 01 00 02 00 00 00 02 00 03 00 01 00 03 00 01 00 03 00 01 00 01 00 00 00 03 00 00 00 03 00 02 00 00 00 00 00 00 00 01 00 02 00 01 00 02 00 02 00 03 00 02 00 01 00 00 00 03 00 01 00 02 00 03 
00 FF FF 00 01 54 00 EF 00 01 00 75 00 02 00 01 00 01 00 02 00 03 00 01 00 02 00 00 00 02 00 02 00 00 00 01 00 03 00 00 00 02 00 01 00 03 00 02 00 04 00 01 00 04 00 02 00 03 00 01 00 03 00 01 00 02 00 02 00 03 00 01 00 03 00 01 00 03 00 00 00 02 00 00 00 02 00 01 00 02 00 00 
00 FF FF 00 01 54 00 EF 00 01 00 76 00 04 00 02 00 04 00 01 00 02 00 03 00 01 00 01 00 02 00 02 00 02 00 01 00 00 00 02 00 03 00 02 00 00 00 02 00 01 00 01 00 04 00 02 00 03 00 02 00 01 00 00 00 00 00 02 00 03 00 00 00 02 00 01 00 03 00 01 00 00 00 02 00 02 00 00 00 03 00 02 
00 FF FF 00 01 54 00 EF 00 01 00 77 00 00 00 02 00 00 00 02 00 02 00 00 00 01 00 02 00 05 00 02 00 02 00 01 00 02 00 01 00 02 00 00 00 03 00 02 00 00 00 01 00 03 00 03 00 01 00 02 00 01 00 01 00 00 00 02 00 03 00 02 00 04 00 02 00 02 00 01 00 03 00 01 00 02 00 02 00 04 00 03 
00 FF FF 00 01 54 00 EF 00 01 00 78 00 05 00 00 00 02 00 00 00 03 00 02 00 04 00 00 00 01 00 00 00 03 00 00 00 02 00 01 00 03 00 02 00 03 00 01 00 04 00 02 00 02 00 02 00 04 00 02 00 03 00 02 00 02 00 01 00 00 00 01 00 02 00 01 00 03 00 00 00 02 00 00 00 03 00 01 00 02 00 02 
00 FF FF 00 01 54 00 EF 00 01 00 79 00 01 00 01 00 02 00 02 00 02 00 01 00 03 00 02 00 01 00 02 00 04 00 02 00 04 00 00 00 00 00 02 00 03 00 00 00 00 00 01 00 02 00 01 00 03 00 02 00 02 00 00 00 03 00 00 00 03 00 01 00 02 00 02 00 04 00 01 00 04 00 02 00 03 00 01 00 03 00 00 
00 FF FF 00 01 54 00 EF 00 01 00 7A 00 02 00 00 00 00 00 00 00 02 00 01 00 02 00 01 00 03 00 01 00 02 00 02 00 02 00 03 00 03 00 01 00 01 00 01 00 02 00 01 00 03 00 01 00 02 00 02 00 02 00 01 00 03 00 02 00 03 00 01 00 03 00 01 00 01 00 01 00 01 00 01 00 03 00 02 00 00 00 02 
00 FF FF 00 01 54 00 EF 00 01 00 7B 00 03 00 02 00 01 00 02 00 00 00 01 00 03 00 00 00 01 00 01 00 01 00 02 00 03 00 01 00 04 00 01 00 01 00 00 00 00 00 00 00 00 00 03 00 02 00 01 00 03 00 01 00 03 00 02 00 02 00 00 00 01 00 01 00 02 00 01 00 00 00 02 00 03 00 01 00 00 00 00 
00 FF FF 00 01 54 00 EF 00 01 00 7C 00 01 00 00 00 00 00 00 00 03 00 02 00 03 00 02 00 03 00 00 00 04 00 01 00 01 00 02 00 03 00 02 00 03 00 02 00 04 00 02 00 03 00 02 00 03 00 02 00 03 00 02 00 03 00 01 00 00 00 02 00 02 00 01 00 01 00 01 00 00 00 01 00 00 00 01 00 03 00 00 
00 FF FF 00 01 54 00 EF 00 01 00 7D 00 02 00 02 00 00 00 00 00 04 00 02 00 03 00 00 00 02 00 02 00 00 00 01 00 02 00 00 00 02 00 00 00 00 00 01 00 00 00 02 00 03 00 01 00 03 00 00 00 03 00 00 00 00 00 00 00 02 00 02 00 02 00 00 00 02 00 01 00 03 00 01 00 03 00 02 00 03 00 01 
00 FF FF 00 01 54 00 EF 00 01 00 7E 00 03 00 01 00 03 00 02 00 02 00 02 00 03 00 01 00 04 00 01 00 02 00 01 00 03 00 02 00 03 00 02 00 02 00 01 00 03 00 01 00 03 00 00 00 05 00 02 00 02 00 01 00 02 00 01 00 03 00 02 00 03 00 02 00 03 00 00 00 00 00 01 00 04 00 01 00 02 00 01 
00 FF FF 00 01 54 00 EF 00 01 00 7F 00 02 00 02 00 02 00 01 00 03 00 02 00 02 00 01 00 02 00 02 00 03 00 01 00 03 00 01 00 04 00 00 00 02 00 01 00 00 00 02 00 03 00 02 00 03 00 00 00 02 00 00 00 01 00 01 00 04 00 02 00 04 00 02 00 02 00 00 00 01 00 02 00 03 00 00 00 02 00 01 
00 FF FF 00 01 54 00 EF 00 01 00 80 00 03 00 01 00 04 00 02 00 03 00 01 00 03 00 01 00 01 00 00 00 00 00 00 00 03 00 01 00 02 00 02 00 02 00 00 00 01 00 02 00 02 00 01 00 01 00 01 00 03 00 02 00 03 00 02 00 03 00 01 00 00 00 01 00 03 00 00 00 02 00 01 00 01 00 00 00 03 00 01 
00 FF FF 00 01 54 00 EF 00 01 00 81 00 01 00 02 00 02 00 00 00 03 00 01 00 03 00 02 00 01 00 01 00 00 00 00 00 02 00 02 00 03 00 02 00 03 00 01 00 02 00 00 00 03 00 02 00 04 00 00 00 02 00 02 00 02 00 01 00 03 00 00 00 03 00 01 00 04 00 00 00 00 00 01 00 03 00 00 00 05 00 01 
00 FF FF 00 01 54 00 EF 00 01 00 82 00 03 00 00 00 02 00 00 00 03 00 02 00 04 00 02 00 03 00 02 00 01 00 01 00 03 00 02 00 03 00 00 00 03 00 01 00 00 00 02 00 03 00 00 00 03 00 02 00 03 00 00 00 01 00 01 00 03 00 01 00 02 00 00 00 01 00 02 00 00 00 01 00 03 00 02 00 04 00 02 
00 FF FF 00 01 54 00 EF 00 01 00 83 00 03 00 01 00 02 00 01 00 03 00 02 00 03 00 00 00 04 00 02 00 03 00 02 00 04 00 01 00 03 00 01 00 02 00 02 00 03 00 01 00 01 00 01 00 02 00 01 00 01 00 01 00 02 00 00 00 03 00 00 00 04 00 02 00 02 00 02 00 01 00 01 00 03 00 01 00 04 00 02 
00 FF FF 00 01 54 00 EF 00 01 00 84 00 03 00 02 00 02 00 00 00 03 00 01 00 01 00 01 00 02 00 02 00 02 00 02 00 02 00 02 00 03 00 02 00 02 00 00 00 00 00 01 00 03 00 00 00 02 00 00 00 03 00 00 00 02 00 00 00 04 00 02 00 00 00 02 00 00 00 01 00 00 00 01 00 03 00 03 00 00 00 02 
00 FF FF 00 01 54 00 EF 00 01 00 85 00 02 00 01 00 03 00 01 00 03 00 01 00 04 00 02 00 04 00 01 00 04 00 02 00 04 00 00 00 01 00 02 00 01 00 01 00 00 00 01 00 03 00 01 00 03 00 02 00 03 00 02 00 03 00 02 00 03 00 01 00 03 00 00 00 02 00 01 00 01 00 01 00 02 00 01 00 03 00 00 
00 FF FF 00 01 54 00 EF 00 01 00 86 00 02 00 00 00 02 00 00 00 02 00 03 00 05 00 02 00 04 00 01 00 03 00 00 00 04 00 02 00 03 00 00 00 03 00 01 00 02 00 01 00 03 00 01 00 00 00 00 00 02 00 01 00 00 00 00 00 03 00 02 00 02 00 00 00 02 00 01 00 01 00 01 00 03 00 02 00 03 00 02 
00 FF FF 00 01 54 00 EF 00 01 00 87 00 02 00 02 00 03 00 00 00 03 00 02 00 04 00 01 00 03 00 00 00 04 00 01 00 04 00 00 00 02 00 02 00 02 00 00 00 00 00 02 00 02 00 01 00 02 00 01 00 03 00 02 00 02 00 02 00 01 00 01 00 05 00 02 00 04 00 02 00 00 00 01 00 02 00 02 00 02 00 00 
00 FF FF 00 01 54 00 EF 00 01 00 88 00 02 00 01 00 00 00 00 00 01 00 00 00 03 00 01 00 02 00 01 00 00 00 01 00 02 00 02 00 03 00 01 00 04 00 01 00 00 00 02 00 02 00 01 00 03 00 01 00 04 00 02 00 04 00 01 00 02 00 01 00 03 00 01 00 04 00 02 00 02 00 00 00 02 00 00 00 04 00 02 
00 FF FF 00 01 54 00 EF 00 01 00 89 00 00 00 01 00 01 00 00 00 02 00 01 00 03 00 02 00 04 00 02 00 03 00 00 00 03 00 02 00 02 00 01 00 03 00 01 00 03 00 00 00 03 00 00 00 03 00 02 00 04 00 00 00 03 00 00 00 03 00 02 00 02 00 00 00 02 00 03 00 00 00 00 00 03 00 01 00 02 00 00 
00 FF FF 00 01 54 00 EF 00 01 00 8A 00 03 00 01 00 03 00 01 00 04 00 01 00 05 00 01 00 03 00 00 00 04 00 01 00 03 00 02 00 01 00 00 00 04 00 02 00 01 00 01 00 02 00 02 00 02 00 01 00 01 00 02 00 02 00 02 00 03 00 00 00 04 00 01 00 04 00 02 00 03 00 02 00 03 00 00 00 03 00 03 
00 FF FF 00 01 54 00 EF 00 01 00 8B 00 02 00 01 00 02 00 01 00 01 00 01 00 03 00 01 00 04 00 00 00 03 00 02 00 04 00 02 00 03 00 01 00 04 00 02 00 03 00 01 00 04 00 01 00 01 00 01 00 03 00 03 00 00 00 02 00 04 00 02 00 04 00 02 00 02 00 01 00 03 00 02 00 03 00 01 00 03 00 01 
00 FF FF 00 01 54 00 EF 00 01 00 8C 00 00 00 02 00 00 00 00 00 03 00 02 00 04 00 00 00 01 00 00 00 03 00 00 00 03 00 01 00 04 00 03 00 02 00 02 00 02 00 01 00 03 00 02 00 03 00 02 00 02 00 00 00 04 00 02 00 02 00 00 00 03 00 01 00 01 00 01 00 00 00 00 00 01 00 02 00 02 00 01 
00 FF FF 00 01 54 00 EF 00 01 00 8D 00 03 00 02 00 03 00 02 00 02 00 00 00 03 00 01 00 03 00 01 00 03 00 00 00 02 00 01 00 02 00 01 00 01 00 01 00 04 00 01 00 03 00 01 00 03 00 00 00 01 00 01 00 03 00 01 00 02 00 00 00 00 00 01 00 02 00 02 00 03 00 00 00 02 00 02 00 03 00 00 
00 FF FF 00 01 54 00 EF 00 01 00 8E 00 04 00 01 00 02 00 01 00 03 00 02 00 03 00 02 00 04 00 00 00 03 00 02 00 02 00 02 00 04 00 02 00 00 00 00 00 04 00 02 00 01 00 00 00 00 00 01 00 04 00 02 00 03 00 01 00 03 00 01 00 02 00 01 00 03 00 02 00 03 00 01 00 02 00 02 00 04 00 02 
00 FF FF 00 01 54 00 EF 00 01 00 8F 00 04 00 02 00 02 00 01 00 03 00 01 00 03 00 02 00 01 00 01 00 03 00 01 00 04 00 02 00 03 00 00 00 04 00 01 00 03 00 02 00 02 00 00 00 03 00 02 00 03 00 01 00 03 00 03 00 03 00 00 00 03 00 01 00 02 00 02 00 02 00 01 00 03 00 00 00 04 00 02 
00 FF FF 00 01 54 00 EF 00 01 00 90 00 01 00 00 00 01 00 02 00 03 00 01 00 03 00 01 00 02 00 00 00 03 00 01 00 01 00 00 00 03 00 01 00 03 00 00 00 02 00 01 00 02 00 01 00 02 00 01 00 02 00 02 00 02 00 01 00 02 00 01 00 04 00 01 00 02 00 01 00 02 00 02 00 02 00 01 00 03 00 02 
00 FF FF 00 01 54 00 EF 00 01 00 91 00 03 00 02 00 01 00 00 00 03 00 02 00 03 00 00 00 00 00 00 00 00 00 01 00 02 00 02 00 04 00 00 00 03 00 01 00 02 00 00 00 02 00 03 00 04 00 01 00 01 00 00 00 00 00 03 00 02 00 01 00 00 00 03 00 03 00 02 00 03 00 02 00 03 00 01 00 02 00 00 
00 FF FF 00 01 54 00 EF 00 01 00 92 00 04 00 00 00 03 00 00 00 03 00 01 00 00 00 01 00 01 00 00 00 01 00 01 00 04 00 00 00 03 00 01 00 01 00 01 00 02 00 01 00 03 00 02 00 04 00 02 00 02 00 01 00 03 00 01 00 03 00 01 00 03 00 01 00 03 00 02 00 01 00 00 00 03 00 00 00 05 00 01 
00 FF FF 00 01 54 00 EF 00 01 00 93 00 02 00 02 00 02 00 02 00 03 00 03 00 01 00 00 00 03 00 01 00 04 00 02 00 04 00 00 00 02 00 02 00 04 00 02 00 03 00 02 00 02 00 03 00 00 00 01 00 02 00 02 00 02 00 02 00 03 00 01 00 02 00 00 00 03 00 02 00 01 00 01 00 02 00 00 00 03 00 01 
00 FF FF 00 01 54 00 EF 00 01 00 94 00 00 00 01 00 02 00 02 00 03 00 02 00 02 00 03 00 03 00 01 00 01 00 01 00 04 00 02 00 03 00 00 00 02 00 02 00 02 00 01 00 02 00 01 00 03 00 02 00 03 00 00 00 02 00 00 00 01 00 02 00 04 00 00 00 01 00 02 00 00 00 02 00 03 00 01 00 02 00 00 
00 FF FF 00 01 54 00 EF 00 01 00 95 00 02 00 01 00 02 00 01 00 04 00 01 00 03 00 01 00 02 00 01 00 00 00 00 00 04 00 01 00 04 00 00 00 04 00 02 00 02 00 01 00 02 00 00 00 02 00 01 00 04 00 00 00 02 00 01 00 03 00 00 00 04 00 02 00 04 00 01 00 04 00 00 00 03 00 02 00 01 00 02 
00 FF FF 00 01 54 00 EF 00 01 00 96 00 00 00 03 00 00 00 02 00 03 00 03 00 04 00 02 00 03 00 02 00 03 00 00 00 03 00 01 00 03 00 00 00 04 00 02 00 03 00 00 00 00 00 01 00 03 00 01 00 00 00 00 00 02 00 01 00 01 00 02 00 04 00 01 00 03 00 00 00 00 00 01 00 03 00 02 00 03 00 01 
00 FF FF 00 01 54 00 EF 00 01 00 97 00 03 00 01 00 03 00 01 00 01 00 01 00 04 00 02 00 02 00 00 00 02 00 01 00 03 00 01 00 02 00 02 00 03 00 02 00 01 00 02 00 03 00 02 00 04 00 02 00 02 00 01 00 02 00 01 00 03 00 02 00 03 00 01 00 04 00 02 00 02 00 01 00 02 00 01 00 04 00 01 
00 FF FF 00 01 54 00 EF 00 01 00 98 00 03 00 02 00 00 00 00 00 01 00 02 00 03 00 02 00 03 00 00 00 03 00 01 00 03 00 02 00 03 00 01 00 00 00 01 00 00 00 00 00 02 00 02 00 03 00 00 00 02 00 00 00 03 00 02 00 02 00 00 00 04 00 01 00 03 00 00 00 01 00 02 00 04 00 02 00 03 00 01 
00 FF FF 00 01 54 00 EF 00 01 00 99 00 03 00 01 00 01 00 01 00 02 00 00 00 03 00 00 00 01 00 01 00 03 00 02 00 02 00 00 00 02 00 01 00 03 00 03 00 00 00 00 00 02 00 03 00 03 00 01 00 01 00 03 00 00 00 01 00 02 00 02 00 02 00 01 00 03 00 03 00 03 00 01 00 02 00 00 00 00 00 00 
00 FF FF 00 01 54 00 EF 00 01 00 9A 00 03 00 02 00 03 00 01 00 02 00 01 00 03 00 00 00 01 00 01 00 00 00 02 00 02 00 01 00 02 00 00 00 02 00 02 00 00 00 01 00 04 00 02 00 01 00 02 00 05 00 03 00 02 00 01 00 03 00 00 00 00 00 01 00 03 00 02 00 02 00 02 00 03 00 02 00 02 00 02 
00 FF FF 00 01 54 00 EF 00 01 00 9B 00 03 00 00 00 00 00 02 00 03 00 02 00 02 00 01 00 03 00 01 00 01 00 01 00 01 00 02 00 03 00 02 00 03 00 02 00 04 00 00 00 02 00 02 00 04 00 01 00 02 00 00 00 00 00 00 00 02 00 00 00 01 00 00 00 00 00 01 00 03 00 02 00 02 00 02 00 03 00 00 
00 FF FF 00 01 54 00 EF 00 01 00 9C 00 00 00 01 00 00 00 00 00 03 00 02 00 03 00 02 00 00 00 01 00 03 00 03 00 03 00 01 00 03 00 02 00 03 00 02 00 03 00 02 00 02 00 00 00 00 00 01 00 04 00 02 00 04 00 01 00 04 00 00 00 00 00 00 00 02 00 00 00 02 00 01 00 04 00 02 00 03 00 02 
00 FF FF 00 01 54 00 EF 00 01 00 9D 00 01 00 00 00 00 00 02 00 01 00 02 00 04 00 02 00 03 00 01 00 03 00 02 00 01 00 02 00 04 00 01 00 02 00 02 00 03 00 02 00 03 00 01 00 03 00 00 00 02 00 02 00 04 00 02 00 04 00 02 00 02 00 01 00 03 00 01 00 03 00 02 00 04 00 00 00 04 00 00 
00 FF FF 00 01 54 00 EF 00 01 00 9E 00 03 00 00 00 02 00 00 00 03 00 00 00 02 00 01 00 02 00 03 00 00 00 02 00 00 00 02 00 03 00 01 00 02 00 02 00 03 00 02 00 03 00 02 00 04 00 00 00 02 00 01 00 02 00 02 00 04 00 01 00 02 00 01 00 03 00 01 00 03 00 02 00 03 00 02 00 03 00 01 
00 FF FF 00 01 54 00 EF 00 01 00 9F 00 01 00 01 00 00 00 02 00 04 00 01 00 04 00 02 00 03 00 01 00 03 00 01 00 03 00 00 00 04 00 02 00 01 00 00 00 00 00 00 00 02 00 01 00 03 00 02 00 00 00 01 00 00 00 02 00 02 00 01 00 04 00 02 00 02 00 02 00 03 00 02 00 01 00 00 00 03 00 01 
00 FF FF 00 01 54 00 EF 00 01 00 A0 00 02 00 02 00 01 00 02 00 03 00 02 00 02 00 01 00 03 00 01 00 02 00 02 00 02 00 02 00 02 00 01 00 01 00 01 00 02 00 02 00 03 00 02 00 02 00 00 00 01 00 02 00 00 00 02 00 04 00 00 00 04 00 02 00 01 00 00 00 02 00 01 00 03 00 02 00 04 00 00 
00 FF FF 00 01 54 00 EF 00 01 00 A1 00 02 00 00 00 02 00 02 00 03 00 02 00 02 00 02 00 03 00 01 00 03 00 02 00 03 00 01 00 03 00 02 00 04 00 02 00 03 00 01 00 02 00 01 00 03 00 02 00 04 00 00 00 00 00 02 00 02 00 01 00 02 00 01 00 03 00 00 00 03 00 02 00 02 00 02 00 03 00 01 
00 FF FF 00 01 54 00 EF 00 01 00 A2 00 01 00 00 00 01 00 01 00 02 00 00 00 04 00 01 00 02 00 02 00 04 00 02 00 02 00 00 00 03 00 01 00 03 00 01 00 01 00 02 00 03 00 01 00 00 00 01 00 03 00 00 00 03 00 01 00 03 00 01 00 04 00 01 00 02 00 01 00 01 00 00 00 02 00 02 00 04 00 02 
00 FF FF 00 01 54 00 EF 00 01 00 A3 00 03 00 01 00 02 00 01 00 04 00 01 00 03 00 02 00 02 00 02 00 04 00 02 00 02 00 00 00 01 00 01 00 02 00 01 00 04 00 00 00 02 00 02 00 03 00 01 00 04 00 01 00 04 00 02 00 03 00 00 00 03 00 00 00 01 00 02 00 00 00 00 00 03 00 01 00 02 00 02 
00 FF FF 00 01 54 00 EF 00 01 00 A4 00 04 00 02 00 03 00 02 00 03 00 01 00 04 00 02 00 03 00 03 00 02 00 00 00 01 00 02 00 01 00 02 00 03 00 01 00 04 00 01 00 02 00 01 00 04 00 01 00 03 00 02 00 03 00 00 00 03 00 00 00 01 00 02 00 01 00 01 00 01 00 02 00 03 00 02 00 03 00 01 
00 FF FF 00 01 54 00 EF 00 01 00 A5 00 04 00 02 00 00 00 02 00 02 00 01 00 01 00 01 00 02 00 02 00 03 00 00 00 02 00 01 00 02 00 02 00 01 00 02 00 00 00 02 00 03 00 02 00 03 00 00 00 03 00 00 00 03 00 02 00 01 00 01 00 02 00 00 00 04 00 01 00 03 00 02 00 01 00 01 00 01 00 00 
00 FF FF 00 01 54 00 EF 00 01 00 A6 00 02 00 00 00 03 00 00 00 03 00 01 00 03 00 02 00 03 00 00 00 03 00 02 00 03 00 01 00 04 00 00 00 03 00 01 00 02 00 00 00 04 00 01 00 01 00 01 00 01 00 02 00 01 00 00 00 03 00 01 00 02 00 02 00 03 00 01 00 00 00 00 00 02 00 02 00 04 00 01 
00 FF FF 00 01 54 00 EF 00 01 00 A7 00 03 00 02 00 02 00 01 00 03 00 00 00 05 00 01 00 03 00 02 00 02 00 01 00 03 00 00 00 01 00 02 00 03 00 01 00 04 00 01 00 01 00 01 00 03 00 03 00 02 00 00 00 00 00 01 00 03 00 02 00 01 00 00 00 02 00 02 00 00 00 01 00 03 00 01 00 03 00 02 
00 FF FF 00 01 54 00 EF 00 01 00 A8 00 04 00 02 00 03 00 02 00 02 00 02 00 05 00 02 00 03 00 01 00 03 00 00 00 03 00 00 00 04 00 02 00 02 00 01 00 00 00 01 00 03 00 00 00 02 00 00 00 03 00 01 00 03 00 01 00 03 00 03 00 03 00 00 00 04 00 01 00 04 00 02 00 03 00 01 00 01 00 00 
00 FF FF 00 01 54 00 EF 00 01 00 A9 00 02 00 02 00 00 00 00 00 02 00 02 00 03 00 01 00 04 00 01 00 02 00 02 00 04 00 00 00 03 00 00 00 03 00 00 00 03 00 00 00 02 00 02 00 02 00 02 00 05 00 02 00 03 00 03 00 01 00 00 00 04 00 02 00 02 00 02 00 00 00 01 00 02 00 02 00 03 00 00 
00 FF FF 00 01 54 00 EF 00 01 00 AA 00 03 00 02 00 03 00 01 00 02 00 00 00 03 00 01 00 02 00 01 00 02 00 02 00 03 00 01 00 00 00 00 00 03 00 01 00 02 00 00 00 03 00 01 00 03 00 02 00 00 00 03 00 02 00 01 00 02 00 02 00 03 00 01 00 04 00 02 00 02 00 00 00 00 00 01 00 03 00 01 
00 FF FF 00 01 54 00 EF 00 01 00 AB 00 03 00 02 00 00 00 01 00 02 00 02 00 02 00 03 00 04 00 01 00 03 00 01 00 03 00 02 00 03 00 01 00 04 00 01 00 03 00 01 00 01 00 02 00 03 00 02 00 03 00 02 00 01 00 01 00 02 00 02 00 04 00 01 00 02 00 00 00 03 00 01 00 02 00 00 00 02 00 01 
00 FF FF 00 01 54 00 EF 00 01 00 AC 00 01 00 00 00 00 00 02 00 03 00 00 00 03 00 00 00 02 00 02 00 02 00 00 00 02 00 01 00 02 00 02 00 02 00 02 00 01 00 02 00 03 00 01 00 03 00 02 00 04 00 02 00 03 00 00 00 04 00 02 00 01 00 02 00 01 00 02 00 00 00 00 00 03 00 00 00 03 00 02 
00 FF FF 00 01 54 00 EF 00 01 00 AD 00 03 00 01 00 03 00 01 00 03 00 01 00 02 00 01 00 03 00 01 00 02 00 00 00 03 00 00 00 03 00 01 00 02 00 02 00 02 00 02 00 03 00 01 00 03 00 01 00 02 00 00 00 03 00 02 00 02 00 01 00 03 00 02 00 02 00 00 00 02 00 01 00 01 00 01 00 03 00 02 
00 FF FF 00 01 54 00 EF 00 01 00 AE 00 03 00 02 00 03 00 02 00 04 00 00 00 03 00 01 00 03 00 01 00 02 00 02 00 04 00 02 00 02 00 00 00 04 00 01 00 04 00 02 00 03 00 01 00 01 00 01 00 03 00 02 00 02 00 00 00 03 00 02 00 03 00 01 00 03 00 02 00 01 00 00 00 03 00 02 00 01 00 01 
00 FF FF 00 01 54 00 EF 00 01 00 AF 00 03 00 01 00 00 00 00 00 03 00 02 00 03 00 01 00 03 00 02 00 04 00 01 00 02 00 00 00 04 00 02 00 03 00 01 00 03 00 01 00 03 00 02 00 04 00 01 00 04 00 02 00 03 00 01 00 03 00 01 00 00 00 00 00 03 00 01 00 03 00 02 00 04 00 00 00 03 00 00 
00 FF FF 00 01 54 00 EF 00 01 00 B0 00 00 00 02 00 03 00 02 00 03 00 00 00 04 00 00 00 03 00 00 00 01 00 02 00 03 00 01 00 03 00 02 00 02 00 02 00 00 00 01 00 02 00 01 00 02 00 01 00 05 00 00 00 00 00 01 00 02 00 02 00 03 00 00 00 01 00 01 00 04 00 02 00 03 00 01 00 04 00 02 
00 FF FF 00 01 54 00 EF 00 01 00 B1 00 03 00 01 00 03 00 01 00 03 00 02 00 03 00 02 00 03 00 00 00 01 00 01 00 03 00 01 00 03 00 00 00 02 00 01 00 03 00 01 00 01 00 02 00 03 00 01 00 03 00 00 00 03 00 01 00 03 00 01 00 03 00 01 00 02 00 02 00 01 00 01 00 03 00 02 00 03 00 00 
00 FF FF 00 01 54 00 EF 00 01 00 B2 00 04 00 02 00 00 00 01 00 04 00 02 00 04 00 00 00 04 00 00 00 03 00 02 00 03 00 02 00 04 00 02 00 00 00 01 00 03 00 01 00 03 00 00 00 02 00 00 00 03 00 00 00 03 00 01 00 03 00 01 00 04 00 02 00 00 00 01 00 02 00 03 00 02 00 01 00 02 00 01 
00 FF FF 00 01 54 00 EF 00 01 00 B3 00 03 00 02 00 00 00 00 00 03 00 01 00 02 00 01 00 03 00 02 00 02 00 00 00 00 00 00 00 04 00 00 00 03 00 02 00 02 00 00 00 01 00 01 00 03 00 01 00 01 00 01 00 00 00 00 00 00 00 02 00 03 00 02 00 02 00 01 00 00 00 01 00 02 00 00 00 01 00 00 
00 FF FF 00 01 54 00 EF 00 01 00 B4 00 02 00 00 00 02 00 01 00 00 00 01 00 03 00 01 00 02 00 00 00 02 00 01 00 03 00 02 00 04 00 02 00 04 00 02 00 03 00 02 00 03 00 02 00 03 00 00 00 04 00 01 00 04 00 01 00 03 00 01 00 03 00 00 00 02 00 01 FF FF FF FF FF FF FF FF FF FF FF FF 
00 FF FF 00 01 06 00 EE 00 00 00 01 00 00 
00 FF FF 00 01 06 00 EE 00 01 00 01 00 00 
00 FF FF 00 01 06 00 EE 00 02 00 01 00 00 
